Tm,F3,FC5,AF3,F7,T7,P7,O1,O2,P8,T8,F8,AF4,FC6,F4
6596157.750368118,4293.788,4235.5757,4172.2124,4418.9697,4282.97,4539.0,4398.879,4117.091,4510.6665,3772.9697,4459.6665,4239.182,4286.0605,4138.2124
6596165.762662888,4286.0605,4230.4243,4170.1514,4417.9395,4281.4243,4539.0,4393.212,4113.485,4511.1816,3770.9092,4456.576,4238.152,4284.0,4138.2124
6596174.16882515,4284.515,4221.6665,4161.909,4414.3335,4281.9395,4541.061,4394.758,4104.7275,4508.606,3764.2124,4445.758,4235.5757,4272.667,4127.909
6596180.718421936,4284.515,4223.7275,4155.727,4414.3335,4282.97,4542.6064,4396.3037,4090.818,4499.849,3757.5151,4445.758,4234.0303,4265.97,4123.273
6596188.8699531555,4283.485,4227.8486,4161.909,4418.4546,4281.4243,4542.6064,4391.1514,4075.8787,4492.6367,3755.4546,4448.8486,4235.0605,4267.0,4125.3335
6596197.0155239105,4282.4546,4226.303,4169.1216,4416.909,4280.9097,4539.515,4388.061,4067.6365,4494.1816,3755.97,4446.7876,4235.0605,4267.515,4123.788
6596204.666376114,4282.4546,4227.8486,4170.667,4418.9697,4280.9097,4540.546,4390.1216,4062.4849,4496.242,3754.9397,4447.303,4235.0605,4264.4243,4122.2427
6596212.786436081,4286.5757,4237.636,4175.303,4432.879,4286.0605,4543.1216,4393.727,4059.9094,4495.2124,3758.0305,4455.0303,4240.2124,4272.152,4123.788
6596220.744609833,4297.909,4249.4854,4189.7275,4448.334,4292.758,4542.6064,4394.758,4066.6064,4495.2124,3766.788,4469.4546,4253.0913,4285.5454,4134.0913
6596228.793621063,4299.9697,4254.636,4199.5156,4454.5156,4290.182,4544.152,4393.212,4078.9697,4497.273,3766.788,4476.152,4261.8486,4288.121,4139.2427
6596236.754894257,4290.6973,4251.031,4193.3335,4455.0303,4284.0,4541.061,4390.1216,4082.0608,4497.273,3757.0002,4469.4546,4257.7275,4282.4546,4133.576
6596244.795322418,4288.121,4247.9395,4191.788,4459.1514,4283.485,4532.303,4386.515,4074.3333,4488.0,3751.3335,4462.7583,4255.667,4279.364,4132.031
6596251.751422882,4295.3335,4251.031,4202.606,4462.2427,4283.485,4527.667,4385.485,4069.697,4478.2124,3750.3032,4465.3335,4263.394,4280.394,4138.727
6596259.759426117,4298.9395,4251.546,4206.2124,4464.819,4280.9097,4528.182,4384.4546,4073.818,4477.182,3745.6667,4471.515,4268.031,4281.9395,4141.8184
6596267.693758011,4299.4546,4253.0913,4206.2124,4467.394,4281.9395,4527.667,4384.4546,4071.2427,4474.0913,3746.697,4473.576,4270.0913,4284.0,4143.879
6596275.768041611,4299.9697,4252.0605,4206.2124,4461.7275,4283.485,4528.6973,4381.8794,4056.3032,4461.2124,3752.8792,4465.8486,4270.6064,4282.97,4141.8184
6596283.754587173,4295.3335,4242.788,4197.97,4451.4243,4280.9097,4529.2124,4379.303,4043.4246,4452.9697,3750.8186,4452.9697,4260.818,4275.758,4129.4546
6596291.730165482,4290.6973,4237.636,4189.2124,4445.758,4279.364,4529.2124,4384.9697,4045.485,4456.061,3744.1213,4446.7876,4249.4854,4269.5757,4125.3335
6596299.679040909,4293.273,4238.152,4190.242,4442.152,4278.849,4535.394,4393.727,4051.1516,4460.6978,3743.6062,4448.334,4252.5757,4276.273,4132.031
6596307.925462723,4295.8486,4237.1216,4192.3027,4437.5156,4280.394,4541.061,4393.727,4054.7578,4469.4546,3752.3638,4452.9697,4256.1816,4283.485,4137.182
6596314.773321152,4290.182,4237.636,4188.1816,4434.4243,4285.031,4541.5757,4391.6665,4058.3638,4480.273,3757.0002,4451.94,4251.546,4273.697,4135.6367
6596323.028802872,4283.485,4234.0303,4179.4243,4429.273,4282.4546,4541.061,4393.212,4062.4849,4481.8184,3749.7883,4442.152,4248.9697,4265.4546,4128.9395
6596330.770254135,4281.9395,4223.7275,4172.7275,4422.061,4271.636,4539.515,4391.6665,4069.697,4481.8184,3744.6365,4434.94,4246.909,4265.97,4124.303
6596339.944839478,4281.4243,4218.0605,4171.182,4417.4243,4270.6064,4540.546,4392.697,4078.9697,4492.6367,3747.2122,4432.879,4238.667,4258.2427,4123.273
6596346.704006195,4281.4243,4221.6665,4170.1514,4420.515,4280.394,4543.636,4399.909,4083.6064,4498.3027,3748.2424,4430.8184,4231.9697,4251.031,4119.667
6596354.695558548,4283.485,4223.7275,4168.606,4424.6367,4284.515,4544.152,4401.4546,4075.3638,4494.1816,3745.6667,4432.364,4233.515,4253.0913,4117.6064
6596363.788604736,4282.97,4220.6367,4168.606,4418.9697,4281.4243,4542.6064,4396.8184,4064.0305,4491.6064,3745.1516,4431.3335,4234.5454,4254.121,4118.6367
6596370.758771896,4279.879,4219.606,4168.606,4416.909,4282.97,4543.1216,4392.697,4054.2427,4487.4854,3744.1213,4428.758,4232.485,4256.1816,4117.6064
6596378.714084625,4285.031,4226.8184,4172.2124,4426.182,4286.0605,4542.0913,4387.5454,4041.364,4478.2124,3743.091,4439.061,4239.182,4264.4243,4118.6367
6596385.74552536,4293.788,4237.1216,4180.4546,4427.2124,4285.031,4542.0913,4387.0303,4034.1519,4474.0913,3745.6667,4451.4243,4250.515,4269.0605,4128.9395
6596393.795490265,4298.9395,4240.2124,4185.0913,4427.2124,4284.0,4544.152,4393.212,4037.2424,4478.2124,3749.273,4449.8794,4255.152,4268.546,4139.758
6596401.757001877,4299.9697,4238.152,4189.2124,4433.9097,4282.97,4540.031,4393.727,4037.7573,4474.6064,3754.4243,4446.7876,4255.667,4271.121,4143.364
6596409.715175629,4299.9697,4239.182,4189.7275,4430.303,4281.9395,4534.364,4390.636,4038.273,4468.4243,3755.4546,4452.455,4255.667,4276.788,4142.848
6596417.711257935,4299.4546,4240.2124,4182.515,4423.0913,4283.485,4531.273,4393.727,4049.6062,4471.515,3749.7883,4453.485,4256.1816,4275.242,4143.879
6596426.317691803,4296.879,4233.515,4175.8184,4424.1216,4282.97,4529.7275,4394.2427,4055.7883,4474.6064,3745.1516,4443.182,4252.0605,4268.546,4138.727
6596433.758974075,4288.121,4222.6973,4169.1216,4419.485,4277.8184,4533.8486,4393.727,4053.7278,4478.2124,3744.6365,4433.9097,4241.2427,4262.879,4125.3335
6596441.752672195,4281.9395,4219.606,4160.8794,4410.2124,4277.8184,4543.1216,4401.4546,4064.5454,4492.6367,3747.7273,4431.8486,4234.0303,4259.273,4120.6973
6596449.722766876,4284.0,4218.0605,4155.212,4407.6367,4280.9097,4545.697,4403.515,4073.3032,4501.9097,3748.2424,4433.394,4234.0303,4251.546,4122.2427
6596458.384752274,4283.485,4214.9697,4154.6973,4403.515,4276.788,4543.1216,4395.788,4066.091,4495.2124,3745.1516,4431.8486,4233.515,4247.9395,4118.1216
6596465.743303299,4281.4243,4214.9697,4154.182,4401.4546,4276.273,4544.152,4391.6665,4065.576,4501.3945,3751.8489,4431.8486,4231.4546,4256.697,4116.0605
6596473.077774048,4281.4243,4211.879,4151.091,4402.4854,4280.9097,4543.636,4394.2427,4071.7576,4511.1816,3757.0002,4433.9097,4230.9395,4261.3335,4118.6367
6596480.767250061,4281.9395,4207.758,4151.091,4400.9395,4274.7275,4542.6064,4393.212,4064.0305,4499.849,3749.7883,4430.303,4230.9395,4253.6064,4121.7275
6596488.852739334,4284.0,4213.4243,4154.6973,4400.9395,4269.5757,4540.031,4391.6665,4053.2122,4491.6064,3744.6365,4433.9097,4233.515,4249.4854,4123.273
6596496.71626091,4286.0605,4221.1514,4158.303,4401.9697,4277.8184,4532.8184,4391.1514,4054.7578,4495.2124,3748.758,4444.2124,4238.152,4255.152,4126.364
6596509.165287018,4288.636,4221.1514,4159.3335,4405.0605,4278.3335,4528.182,4387.5454,4056.3032,4486.4546,3746.697,4445.758,4236.6064,4255.152,4128.4243
6596514.558792114,4291.7275,4220.6367,4156.758,4411.758,4273.1816,4524.576,4382.909,4053.2122,4477.6973,3744.1213,4441.1216,4235.5757,4254.121,4128.4243
6596527.467250824,4292.2427,4228.364,4160.8794,4416.909,4279.879,4529.7275,4386.515,4063.515,4490.576,3752.3638,4445.758,4243.818,4267.0,4131.5156
6596527.739286423,4290.6973,4236.6064,4169.1216,4417.9395,4286.5757,4541.5757,4393.727,4080.0002,4501.3945,3760.606,4457.091,4253.6064,4277.303,4138.2124
6596535.724163055,4288.636,4233.0,4167.061,4418.9697,4281.9395,4538.485,4393.212,4079.4854,4496.242,3759.5757,4459.6665,4251.546,4274.7275,4141.8184
6596544.936656952,4285.5454,4227.8486,4160.364,4418.4546,4279.879,4531.788,4391.1514,4070.2122,4494.6973,3756.4849,4454.0005,4241.7573,4268.031,4135.6367
6596552.760124207,4283.485,4229.909,4158.819,4414.8486,4283.485,4541.061,4397.8486,4068.667,4499.849,3757.0002,4448.8486,4237.1216,4266.485,4126.364
6596565.3920173645,4282.4546,4225.273,4158.303,4415.879,4282.4546,4546.2124,4400.9395,4066.6064,4493.667,3751.3335,4446.7876,4237.1216,4264.4243,4122.758
6596572.664022446,4282.4546,4222.6973,4161.394,4421.546,4280.394,4541.5757,4395.788,4061.97,4481.303,3740.0002,4445.758,4235.0605,4254.121,4122.2427
6596576.205968857,4283.485,4232.485,4169.1216,4427.2124,4278.849,4541.5757,4396.8184,4061.97,4479.758,3741.5457,4445.758,4239.697,4249.4854,4124.8184
6596587.786197662,4286.0605,4237.1216,4177.364,4434.4243,4272.152,4535.394,4396.3037,4058.3638,4481.8184,3746.182,4450.3945,4249.4854,4258.7573,4125.3335
6596591.7983055115,4289.667,4234.5454,4185.0913,4443.6973,4266.485,4525.091,4386.515,4048.0605,4477.6973,3740.5154,4456.576,4254.636,4266.485,4126.364
6596598.694086075,4291.7275,4243.303,4189.2124,4448.8486,4267.515,4526.1216,4383.4243,4045.485,4476.152,3738.97,4462.2427,4253.6064,4268.031,4129.4546
6596607.839584351,4293.788,4252.0605,4192.3027,4455.0303,4269.5757,4526.6367,4386.515,4047.5457,4477.182,3743.6062,4463.273,4254.121,4269.0605,4129.4546
6596614.7038936615,4295.3335,4249.4854,4197.97,4462.7583,4269.0605,4523.0303,4380.848,4046.0,4475.6367,3743.6062,4464.303,4260.818,4270.6064,4127.909
6596623.0182647705,4292.758,4250.515,4196.424,4457.606,4269.5757,4524.576,4375.6973,4046.5151,4477.182,3746.697,4468.94,4268.031,4271.636,4132.031
6596630.764007568,4285.5454,4250.515,4189.2124,4446.7876,4269.5757,4527.667,4381.8794,4048.0605,4478.7275,3749.273,4468.4243,4263.394,4271.636,4133.061
6596638.7577056885,4284.515,4241.2427,4187.667,4446.273,4268.546,4527.152,4388.061,4046.5151,4475.1216,3746.182,4462.2427,4253.6064,4268.031,4126.879
6596647.090435028,4290.182,4236.091,4188.6973,4442.6665,4269.5757,4527.152,4388.061,4049.6062,4480.788,3749.7883,4461.7275,4254.121,4271.636,4129.9697
6596654.743432999,4289.152,4240.7275,4184.0605,4431.8486,4271.121,4529.2124,4387.0303,4055.7883,4493.152,3759.0608,4461.2124,4256.1816,4279.364,4141.303
6596663.301944733,4285.5454,4237.636,4176.8486,4429.273,4271.636,4530.758,4386.515,4058.3638,4495.2124,3758.0305,4454.5156,4253.0913,4275.758,4137.6973
6596675.872087479,4284.0,4231.9697,4172.2124,4426.182,4270.0913,4530.2427,4388.5757,4060.9395,4491.0913,3750.3032,4446.7876,4250.0,4264.9395,4123.788
6596678.716659546,4284.515,4231.9697,4172.2124,4417.4243,4267.515,4529.2124,4392.697,4062.4849,4493.152,3749.7883,4446.273,4247.9395,4263.394,4125.8486
6596691.076517105,4285.5454,4232.485,4171.182,4416.394,4269.0605,4531.788,4394.758,4064.5454,4496.242,3755.4546,4449.364,4250.0,4268.546,4139.2427
6596693.769693375,4287.0913,4233.515,4169.636,4420.0,4271.636,4539.515,4397.8486,4069.697,4495.2124,3757.5151,4450.3945,4252.5757,4271.121,4138.727
6596701.673746109,4287.0913,4231.9697,4173.2427,4418.9697,4270.0913,4545.182,4400.9395,4071.2427,4494.6973,3750.8186,4444.2124,4245.879,4264.9395,4131.0005
6596709.82503891,4284.515,4226.303,4170.667,4414.8486,4271.636,4544.667,4401.9697,4069.697,4497.273,3745.1516,4434.94,4236.6064,4253.0913,4126.879
6596717.775821686,4283.485,4224.758,4159.8486,4414.8486,4278.3335,4543.636,4401.9697,4069.697,4497.273,3749.273,4432.364,4236.091,4249.4854,4125.3335
6596726.427555084,4284.0,4226.8184,4157.273,4415.364,4283.485,4545.182,4401.9697,4070.2122,4497.788,3755.4546,4439.576,4235.0605,4259.788,4125.8486
6596733.775615692,4282.97,4224.2427,4159.3335,4410.7275,4282.97,4546.7275,4403.0,4069.1821,4504.485,3757.5151,4447.303,4234.0303,4265.4546,4125.8486
6596740.869998932,4281.9395,4219.606,4152.6367,4401.9697,4281.4243,4548.788,4406.6064,4069.1821,4507.0605,3755.97,4443.6973,4233.0,4256.1816,4121.7275
6596748.754024506,4279.879,4219.091,4143.879,4399.909,4280.9097,4547.7573,4403.0,4066.091,4500.364,3755.97,4437.0005,4227.3335,4247.9395,4118.1216
6596757.626771927,4280.394,4221.1514,4146.455,4403.515,4281.4243,4545.182,4394.2427,4061.97,4494.6973,3755.97,4443.182,4226.8184,4256.697,4120.6973
6596769.761562347,4281.9395,4221.6665,4149.5454,4403.0,4281.4243,4544.667,4396.3037,4067.6365,4499.3335,3757.5151,4448.8486,4236.091,4265.97,4123.273
6596772.798299789,4283.485,4221.1514,4150.061,4401.9697,4280.394,4545.697,4402.4854,4081.0303,4507.0605,3759.5757,4447.819,4239.182,4268.031,4125.8486
6596780.71141243,4284.0,4221.6665,4149.5454,4403.515,4279.879,4545.697,4403.515,4086.697,4512.727,3759.0608,4445.758,4234.5454,4268.031,4127.394
6596792.791128159,4284.0,4220.121,4149.0303,4400.425,4274.2124,4544.667,4401.9697,4084.6365,4509.121,3754.4243,4438.5454,4232.485,4259.273,4125.8486
6596797.126531601,4282.4546,4218.0605,4151.606,4398.879,4273.1816,4542.0913,4399.909,4085.1514,4497.788,3751.8489,4432.364,4233.0,4253.6064,4123.273
6596804.744005203,4285.031,4222.6973,4157.273,4408.152,4281.4243,4543.1216,4400.425,4084.6365,4496.758,3752.8792,4441.1216,4235.5757,4262.879,4127.909
6596812.767267227,4292.758,4231.9697,4164.485,4416.909,4286.0605,4545.697,4400.9395,4077.9392,4500.364,3754.4243,4448.8486,4239.182,4269.0605,4134.0913
6596819.820404053,4291.7275,4233.0,4165.0005,4414.3335,4284.0,4545.182,4399.394,4070.2122,4495.2124,3753.9094,4446.273,4239.697,4263.9097,4133.061
6596827.698707581,4284.0,4227.3335,4158.303,4414.3335,4285.031,4549.818,4400.9395,4068.1516,4492.121,3749.273,4444.2124,4238.667,4263.9097,4128.4243
6596835.72101593,4284.515,4224.758,4155.212,4416.394,4287.606,4553.425,4402.4854,4067.6365,4497.273,3747.7273,4446.273,4237.1216,4265.97,4127.394
6596843.802452087,4286.0605,4223.7275,4155.727,4410.7275,4285.031,4547.7573,4396.3037,4067.6365,4496.758,3752.8792,4446.273,4237.636,4261.8486,4130.485
6596851.779222488,4283.485,4224.758,4156.2427,4408.667,4284.515,4543.636,4392.182,4071.2427,4492.6367,3754.9397,4446.273,4239.182,4263.394,4132.5454
6596863.733768463,4287.0913,4233.0,4155.727,4412.273,4285.5454,4545.182,4393.727,4078.4548,4495.2124,3754.4243,4449.8794,4238.667,4269.5757,4134.0913
6596867.793798447,4289.152,4235.0605,4156.758,4411.2427,4284.515,4543.1216,4394.758,4085.1514,4497.273,3756.4849,4449.364,4238.152,4270.0913,4134.0913
6596875.758171082,4283.485,4225.788,4155.727,4403.515,4284.0,4543.1216,4400.425,4088.2424,4497.273,3755.97,4442.152,4236.091,4264.4243,4130.485
6596883.773565292,4281.9395,4220.6367,4151.606,4401.4546,4284.515,4546.2124,4404.0303,4085.667,4497.788,3752.8792,4440.606,4236.091,4263.9097,4123.788
6596895.736217499,4284.515,4222.1816,4150.061,4406.091,4284.515,4543.636,4395.273,4084.1213,4499.3335,3753.394,4447.819,4236.6064,4266.485,4124.8184
6596898.6756801605,4284.0,4225.788,4151.606,4406.6064,4283.485,4540.546,4391.1514,4086.182,4499.849,3758.0305,4449.8794,4234.5454,4265.4546,4132.031
6596908.200263977,4284.0,4230.4243,4154.6973,4406.091,4284.0,4544.152,4399.394,4085.667,4500.364,3762.1519,4448.8486,4242.273,4266.485,4134.0913
6596914.780855179,4285.031,4226.303,4155.212,4408.152,4284.0,4546.2124,4401.9697,4081.546,4499.849,3759.5757,4450.909,4252.0605,4270.6064,4131.0005
6596923.043012619,4285.031,4220.121,4154.6973,4405.5757,4283.485,4546.2124,4400.425,4085.667,4494.6973,3752.3638,4447.303,4242.273,4266.485,4128.9395
6596930.7408332825,4289.152,4220.6367,4154.182,4399.909,4282.97,4549.303,4403.515,4091.8486,4494.1816,3753.9094,4442.6665,4237.636,4261.3335,4133.576
6596939.097166061,4294.8184,4221.6665,4154.182,4406.091,4283.485,4550.3335,4404.546,4091.8486,4506.031,3764.2124,4451.94,4250.0,4271.636,4140.273
6596947.081565857,4296.364,4227.3335,4161.909,4418.4546,4285.031,4544.667,4401.4546,4096.4854,4516.8486,3777.091,4465.8486,4256.697,4287.0913,4145.4243
6596954.745292664,4297.909,4237.636,4168.606,4420.515,4287.0913,4541.061,4399.394,4108.8486,4517.364,3787.3938,4469.9697,4254.121,4288.121,4147.485
6596961.787700653,4296.364,4237.1216,4162.94,4416.909,4286.5757,4541.061,4396.3037,4110.909,4513.758,3784.303,4465.8486,4254.121,4283.485,4144.3945
6596974.756240845,4289.152,4230.9395,4156.2427,4415.879,4282.97,4540.031,4392.182,4107.303,4511.6973,3774.5151,4465.3335,4252.5757,4285.5454,4139.758
6596978.785276413,4285.5454,4230.4243,4158.303,4414.8486,4279.879,4540.546,4390.636,4110.909,4512.727,3774.0,4468.94,4250.0,4286.5757,4138.727
6596985.767841339,4289.152,4231.9697,4159.8486,4414.8486,4279.364,4540.546,4392.182,4112.4546,4511.6973,3776.0608,4465.8486,4251.031,4282.97,4141.8184
6596998.738765717,4293.788,4233.0,4159.3335,4419.485,4281.9395,4538.485,4393.727,4110.394,4508.0913,3774.5151,4460.6978,4253.0913,4283.485,4141.8184
6597001.747846603,4297.394,4235.5757,4161.394,4423.0913,4285.031,4540.031,4393.212,4115.546,4510.152,3776.0608,4463.273,4253.6064,4287.0913,4141.303
6597009.749412537,4296.364,4235.5757,4160.8794,4420.515,4285.031,4543.636,4395.273,4119.152,4513.758,3772.9697,4464.303,4252.0605,4283.485,4141.303
6597017.778873444,4294.303,4235.0605,4157.788,4417.4243,4283.485,4542.6064,4399.909,4112.9697,4504.485,3762.1519,4454.0005,4249.4854,4276.273,4140.273
6597026.104927063,4294.8184,4235.5757,4158.303,4418.9697,4285.031,4540.546,4399.909,4108.3335,4495.7275,3758.5454,4446.7876,4243.303,4275.758,4136.6665
6597035.198926926,4290.6973,4231.4546,4156.2427,4416.909,4285.5454,4543.636,4397.8486,4114.515,4498.3027,3758.5454,4446.273,4236.6064,4271.121,4131.5156
6597042.501926422,4283.485,4224.2427,4152.6367,4409.6973,4285.031,4547.7573,4399.909,4117.6064,4498.3027,3754.4243,4441.1216,4236.091,4263.394,4127.394
6597048.7422943115,4282.97,4221.1514,4152.1216,4407.121,4285.031,4544.667,4396.8184,4113.485,4493.152,3752.3638,4435.97,4236.091,4264.9395,4125.3335
6597057.259082794,4282.4546,4221.6665,4149.0303,4409.182,4285.031,4542.6064,4392.697,4115.546,4493.152,3754.4243,4437.5156,4234.0303,4264.9395,4122.758
6597064.924955368,4280.9097,4222.6973,4141.8184,4409.6973,4286.5757,4549.818,4396.8184,4123.273,4497.788,3755.4546,4442.152,4233.515,4258.2427,4119.667
6597078.368902206,4279.879,4220.6367,4139.2427,4409.6973,4286.5757,4553.425,4401.4546,4126.879,4499.849,3755.97,4445.758,4234.5454,4261.3335,4119.152
6597081.921815872,4279.364,4217.5454,4139.2427,4407.6367,4284.0,4546.7275,4399.394,4124.8184,4496.758,3755.97,4445.758,4234.5454,4268.546,4121.2124
6597089.379310608,4280.394,4217.0303,4140.273,4404.546,4282.97,4542.6064,4396.3037,4125.3335,4495.2124,3755.4546,4445.2427,4234.5454,4265.97,4123.788
6597096.7519283295,4282.4546,4219.606,4142.3335,4408.152,4284.0,4545.697,4393.212,4125.3335,4498.3027,3756.4849,4445.758,4234.5454,4263.394,4124.303
6597104.668140411,4281.9395,4222.1816,4143.879,4411.2427,4284.0,4546.2124,4392.182,4120.182,4491.6064,3754.9397,4443.6973,4234.5454,4265.97,4123.273
6597111.731052399,4281.4243,4221.6665,4144.909,4407.121,4284.0,4545.182,4395.273,4116.5757,4483.879,3749.273,4438.5454,4234.5454,4264.4243,4123.273
6597120.764732361,4283.485,4221.1514,4145.94,4405.0605,4283.485,4544.152,4398.3643,4120.182,4490.0605,3746.182,4437.0005,4234.0303,4260.303,4125.8486
6597128.7479400635,4284.515,4221.1514,4147.485,4406.6064,4284.0,4544.667,4398.879,4126.364,4496.758,3748.758,4444.727,4235.0605,4263.9097,4127.394
6597137.127161026,4285.031,4222.1816,4150.576,4407.6367,4284.515,4551.364,4399.394,4126.364,4493.667,3750.3032,4447.819,4236.091,4266.485,4126.879
6597143.935680389,4284.0,4221.6665,4151.606,4408.667,4285.031,4558.0605,4402.4854,4125.8486,4492.6367,3745.1516,4435.455,4234.5454,4255.667,4124.8184
6597151.745557785,4284.0,4222.1816,4153.1514,4413.8184,4288.636,4558.0605,4405.0605,4128.4243,4495.7275,3745.1516,4432.364,4235.5757,4250.515,4126.364
6597159.7599983215,4285.031,4223.7275,4155.727,4415.879,4292.758,4557.546,4404.0303,4127.909,4495.2124,3750.3032,4444.727,4239.182,4259.273,4127.909
6597167.758226395,4279.364,4220.6367,4153.1514,4410.2124,4293.788,4559.6064,4403.515,4127.394,4494.6973,3749.7883,4444.2124,4237.1216,4259.788,4125.8486
6597174.738407135,4274.7275,4219.606,4150.061,4411.2427,4290.6973,4559.0913,4403.0,4125.8486,4494.6973,3746.182,4432.879,4233.515,4256.697,4124.303
6597182.76143074,4278.849,4222.1816,4151.606,4415.364,4286.5757,4556.515,4402.4854,4124.303,4491.6064,3747.2122,4432.879,4233.515,4256.697,4124.303
6597190.732240677,4282.4546,4221.1514,4152.1216,4410.7275,4285.031,4556.515,4400.9395,4122.2427,4486.97,3747.2122,4435.455,4233.0,4254.121,4123.788
6597199.75233078,4279.879,4219.091,4153.1514,4406.6064,4285.031,4554.4546,4401.4546,4116.5757,4482.8486,3745.6667,4432.879,4233.0,4255.667,4124.303
6597207.981586456,4280.394,4221.6665,4155.727,4408.667,4286.0605,4548.788,4402.4854,4111.4243,4481.8184,3745.6667,4434.94,4236.091,4259.273,4124.303
6597214.740276337,4283.485,4224.2427,4157.788,4410.2124,4287.606,4545.182,4402.4854,4114.515,4479.2427,3746.182,4439.061,4236.6064,4258.2427,4124.303
6597222.962617874,4282.97,4221.6665,4158.303,4413.8184,4286.5757,4544.667,4402.4854,4121.2124,4481.8184,3745.1516,4442.152,4237.636,4260.818,4127.394
6597230.77750206,4282.97,4222.6973,4160.364,4417.9395,4283.485,4545.697,4403.515,4128.4243,4491.0913,3748.2424,4445.2427,4244.8486,4269.5757,4132.5454
6597238.988637924,4285.031,4230.4243,4164.485,4417.9395,4287.606,4547.2427,4404.546,4139.758,4500.364,3755.4546,4449.364,4253.0913,4271.121,4138.2124
6597246.201753616,4286.5757,4231.4546,4164.485,4417.9395,4292.758,4546.2124,4406.6064,4145.4243,4504.485,3758.5454,4449.364,4252.5757,4266.485,4140.7876
6597253.744125366,4284.515,4223.2124,4158.819,4415.364,4288.636,4544.152,4409.6973,4143.364,4501.3945,3757.0002,4441.1216,4251.031,4265.97,4136.6665
6597261.7082595825,4280.9097,4218.0605,4154.182,4409.182,4284.0,4545.182,4407.6367,4138.2124,4499.3335,3754.9397,4440.606,4250.0,4265.4546,4130.485
6597269.752025604,4279.364,4219.606,4154.6973,4405.5757,4285.031,4544.152,4396.8184,4126.879,4495.2124,3750.3032,4445.758,4243.818,4259.273,4127.909
6597277.755737305,4279.879,4219.606,4154.182,4405.5757,4284.515,4540.546,4392.182,4117.091,4483.879,3740.5154,4441.6367,4238.152,4254.121,4125.3335
6597285.717725754,4281.4243,4218.0605,4153.6665,4410.7275,4282.4546,4541.061,4398.879,4119.667,4479.2427,3739.485,4437.0005,4243.303,4259.788,4123.273
6597293.7796115875,4283.485,4225.273,4156.2427,4418.4546,4284.515,4543.1216,4401.9697,4125.3335,4492.6367,3751.3335,4444.727,4251.546,4269.5757,4130.485
6597301.671028137,4286.5757,4231.9697,4160.8794,4420.515,4287.606,4544.152,4401.4546,4126.364,4500.364,3760.606,4451.4243,4252.5757,4271.121,4139.2427
6597309.819936752,4285.031,4226.303,4158.819,4416.394,4286.0605,4543.1216,4404.546,4132.031,4491.6064,3757.5151,4447.819,4250.515,4269.0605,4137.182
6597317.152738571,4283.485,4220.121,4156.2427,4414.3335,4283.485,4542.6064,4401.4546,4138.2124,4491.6064,3753.394,4446.273,4251.546,4267.515,4134.606
6597329.706192017,4284.0,4223.2124,4161.909,4414.3335,4283.485,4539.0,4392.697,4143.364,4496.758,3758.5454,4450.3945,4254.121,4268.031,4141.8184
6597332.734107971,4284.0,4223.2124,4162.94,4415.879,4283.485,4530.2427,4392.697,4154.182,4497.788,3762.667,4451.94,4255.667,4271.636,4143.879
6597340.7962322235,4282.4546,4220.6367,4157.273,4415.879,4282.4546,4531.273,4395.273,4158.819,4497.788,3758.0305,4448.8486,4252.5757,4271.121,4135.1216
6597348.696708679,4280.394,4221.6665,4153.1514,4410.7275,4281.9395,4535.394,4391.6665,4149.5454,4498.3027,3754.4243,4444.727,4243.818,4264.9395,4128.4243
6597358.298301697,4280.394,4221.6665,4152.1216,4409.6973,4281.4243,4533.8486,4389.091,4140.273,4497.273,3757.0002,4444.727,4243.303,4263.9097,4129.4546
6597364.803791046,4282.97,4223.2124,4154.182,4416.394,4283.485,4537.4546,4393.727,4143.364,4496.242,3758.0305,4447.303,4250.515,4267.515,4132.031
6597373.240470886,4284.0,4225.788,4159.3335,4418.4546,4286.0605,4544.152,4395.273,4146.455,4495.7275,3753.394,4444.2124,4246.909,4261.3335,4128.4243
6597384.702205658,4280.9097,4222.6973,4153.6665,4412.273,4285.031,4543.1216,4392.182,4142.848,4493.152,3744.6365,4433.9097,4235.5757,4247.4243,4122.2427
6597388.8030052185,4279.364,4219.091,4145.94,4407.121,4283.485,4540.546,4394.2427,4138.2124,4490.0605,3741.0305,4430.303,4234.0303,4246.909,4121.7275
6597395.732164383,4279.879,4221.1514,4149.5454,4409.182,4285.5454,4544.667,4399.909,4138.727,4492.121,3747.7273,4439.576,4237.1216,4261.3335,4124.8184
6597404.700040817,4279.364,4221.6665,4149.0303,4411.758,4285.031,4543.636,4400.9395,4148.0005,4495.7275,3751.3335,4442.6665,4236.6064,4265.4546,4125.8486
6597411.801815033,4279.364,4218.576,4142.3335,4410.7275,4282.4546,4540.546,4396.8184,4154.6973,4493.152,3745.6667,4435.455,4235.0605,4256.1816,4122.758
6597419.783353806,4280.394,4219.606,4145.4243,4412.273,4283.485,4539.515,4397.8486,4157.788,4492.6367,3748.2424,4438.5454,4235.5757,4257.7275,4123.788
6597427.734375,4282.97,4223.2124,4147.485,4416.394,4285.031,4540.546,4398.879,4159.3335,4496.758,3759.0608,4449.8794,4237.636,4270.6064,4127.394
6597435.761928558,4284.515,4220.121,4142.848,4412.273,4283.485,4541.061,4394.2427,4155.727,4495.2124,3760.091,4449.364,4238.152,4270.0913,4127.394
6597443.803071976,4282.97,4217.0303,4148.5156,4409.182,4282.4546,4539.0,4392.697,4158.819,4497.788,3759.0608,4446.273,4242.788,4262.364,4128.4243
6597451.708555222,4284.515,4227.8486,4159.3335,4422.576,4285.031,4541.5757,4400.425,4168.606,4512.2124,3769.879,4452.9697,4253.0913,4274.7275,4138.2124
6597459.746360779,4286.5757,4236.091,4160.364,4428.2427,4287.0913,4545.697,4403.0,4165.515,4518.909,3776.0608,4456.576,4257.2124,4285.031,4145.94
6597466.914176941,4284.515,4227.3335,4154.6973,4415.879,4285.5454,4542.6064,4394.758,4153.6665,4509.6367,3768.3335,4451.94,4251.546,4274.7275,4139.758
6597475.066661835,4280.9097,4218.0605,4151.091,4409.6973,4280.9097,4537.9697,4390.636,4151.606,4497.788,3754.4243,4443.6973,4242.273,4263.9097,4127.394
6597482.770442963,4281.9395,4220.121,4150.061,4412.788,4278.3335,4537.9697,4394.758,4154.6973,4495.2124,3745.6667,4435.455,4235.5757,4263.9097,4122.2427
6597490.965604782,4282.97,4222.1816,4149.5454,4413.303,4280.394,4540.031,4398.3643,4160.8794,4497.273,3744.6365,4431.8486,4236.091,4264.4243,4131.0005
6597498.761415482,4282.4546,4219.606,4150.061,4409.6973,4281.4243,4541.061,4399.909,4170.1514,4497.788,3747.7273,4435.455,4242.273,4262.364,4135.1216
6597508.476495743,4284.0,4220.121,4152.6367,4408.667,4279.879,4540.546,4401.9697,4175.8184,4496.242,3746.697,4439.576,4246.909,4262.364,4130.485
6597514.764070511,4284.515,4222.6973,4153.6665,4412.788,4281.9395,4540.031,4403.0,4175.303,4495.7275,3746.182,4438.031,4247.9395,4264.9395,4132.5454
6597523.252010345,4282.97,4222.6973,4154.6973,4416.394,4284.515,4540.031,4403.0,4179.9395,4496.242,3750.8186,4437.0005,4248.4546,4267.515,4138.2124
6597529.781341553,4282.97,4222.1816,4155.212,4412.788,4285.031,4541.061,4400.425,4185.6064,4495.2124,3752.3638,4442.152,4249.4854,4263.394,4135.1216
6597538.880586624,4283.485,4220.6367,4149.5454,4405.5757,4285.031,4541.061,4394.758,4185.0913,4493.667,3750.3032,4446.7876,4245.364,4261.3335,4127.394
6597546.978235245,4281.9395,4218.0605,4144.909,4400.425,4282.97,4539.515,4392.697,4187.667,4490.576,3750.8186,4445.758,4240.2124,4266.485,4126.364
6597555.505514145,4281.9395,4220.121,4152.6367,4404.0303,4282.4546,4539.515,4394.2427,4199.5156,4492.6367,3758.0305,4448.8486,4248.4546,4271.121,4136.152
6597562.3960494995,4284.515,4224.2427,4160.364,4415.879,4285.031,4540.546,4393.212,4208.7876,4496.242,3764.7275,4454.0005,4257.2124,4271.121,4141.8184
6597569.67663765,4283.485,4221.6665,4153.1514,4413.8184,4285.031,4542.0913,4392.182,4216.0,4493.667,3761.1213,4449.8794,4248.9697,4269.0605,4132.5454
6597577.909231186,4281.4243,4218.576,4147.485,4406.6064,4283.485,4543.636,4397.8486,4233.515,4495.2124,3760.606,4445.758,4240.7275,4265.97,4125.3335
6597587.2848033905,4282.4546,4220.121,4151.606,4413.303,4285.5454,4544.667,4402.4854,4256.1816,4506.031,3769.3638,4447.303,4242.273,4265.97,4129.4546
6597593.91617775,4282.4546,4221.1514,4151.606,4416.394,4284.515,4545.697,4403.0,4271.636,4511.6973,3769.3638,4447.303,4240.7275,4266.485,4129.9697
6597600.722074509,4282.97,4221.6665,4151.091,4412.788,4283.485,4544.667,4404.0303,4282.97,4508.606,3762.667,4448.334,4237.1216,4265.4546,4127.394
6597611.269712448,4285.031,4224.2427,4156.2427,4417.9395,4286.0605,4545.697,4408.667,4294.303,4510.6665,3765.2427,4449.8794,4243.303,4266.485,4132.5454
6597617.760658264,4285.031,4224.758,4155.727,4417.4243,4288.121,4547.7573,4409.182,4302.0303,4511.1816,3766.788,4447.819,4248.4546,4268.031,4137.6973
6597625.836610794,4284.0,4222.6973,4152.1216,4408.667,4286.0605,4545.697,4403.0,4302.0303,4500.879,3760.606,4446.273,4243.818,4268.031,4135.6367
6597632.697582245,4284.0,4222.6973,4150.576,4407.6367,4286.0605,4544.667,4400.9395,4303.061,4495.2124,3758.0305,4447.303,4239.697,4265.97,4131.5156
6597640.910148621,4282.97,4222.1816,4145.94,4409.182,4286.5757,4545.182,4401.4546,4309.2427,4498.3027,3759.5757,4445.2427,4237.636,4264.4243,4128.9395
6597648.725748062,4282.4546,4220.121,4143.364,4408.152,4285.031,4542.6064,4395.273,4310.788,4498.3027,3761.6362,4444.2124,4239.182,4265.97,4128.4243
6597657.851219177,4282.97,4222.1816,4148.0005,4408.667,4284.515,4541.061,4391.1514,4310.788,4494.1816,3763.1821,4448.334,4245.364,4265.4546,4128.9395
6597664.72697258,4283.485,4223.7275,4151.091,4408.667,4284.515,4542.0913,4394.758,4313.364,4493.667,3762.667,4451.4243,4251.546,4264.4243,4133.576
6597671.720981598,4285.031,4222.1816,4153.6665,4409.182,4282.97,4544.667,4394.2427,4311.303,4493.667,3762.667,4452.455,4253.0913,4270.0913,4140.273
6597679.712295532,4286.5757,4221.6665,4155.727,4410.2124,4281.9395,4542.0913,4390.1216,4306.667,4492.121,3764.2124,4450.909,4254.121,4273.1816,4138.2124
6597688.958406448,4283.485,4220.6367,4149.0303,4405.0605,4279.879,4530.758,4393.212,4307.6973,4493.667,3762.1519,4447.819,4252.0605,4267.515,4130.485
6597695.781707764,4280.394,4217.0303,4144.3945,4399.394,4277.303,4528.182,4398.879,4307.182,4495.7275,3758.5454,4445.758,4245.364,4263.9097,4123.273
6597703.733921051,4281.9395,4217.5454,4151.091,4404.0303,4278.849,4540.031,4401.4546,4302.546,4496.242,3760.091,4446.7876,4246.909,4265.97,4125.3335
6597711.743354797,4284.515,4222.1816,4155.212,4410.7275,4283.485,4544.152,4401.9697,4301.0,4497.273,3763.6973,4449.8794,4251.546,4269.5757,4138.2124
6597719.81716156,4285.031,4223.7275,4155.212,4408.152,4284.0,4541.061,4403.0,4296.879,4497.788,3763.6973,4451.4243,4252.0605,4270.0913,4141.8184
6597727.766036987,4282.97,4223.2124,4154.6973,4404.0303,4283.485,4544.152,4405.0605,4287.606,4497.788,3759.0608,4446.7876,4249.4854,4261.8486,4127.909
6597735.715150833,4283.485,4222.1816,4150.576,4406.091,4284.0,4546.2124,4405.5757,4280.394,4495.7275,3757.0002,4444.727,4244.8486,4252.5757,4122.2427
6597742.837667465,4284.515,4220.121,4144.3945,4408.152,4282.97,4543.1216,4404.546,4273.1816,4494.1816,3756.4849,4448.334,4239.182,4251.546,4129.4546
6597750.7655620575,4278.849,4219.091,4141.303,4405.5757,4282.4546,4543.636,4402.4854,4262.879,4494.1816,3752.3638,4441.1216,4236.6064,4253.0913,4124.303
6597759.7506046295,4269.5757,4216.5156,4136.6665,4398.879,4281.9395,4544.152,4401.4546,4248.4546,4486.4546,3745.6667,4426.6973,4233.515,4246.909,4110.909
6597767.737865448,4264.9395,4215.485,4133.061,4397.3335,4280.9097,4542.0913,4400.425,4240.2124,4477.182,3743.091,4425.667,4229.394,4244.8486,4113.485
6597774.786233902,4269.0605,4220.121,4141.303,4409.6973,4281.9395,4541.5757,4398.879,4243.818,4489.546,3754.9397,4442.152,4238.152,4257.7275,4125.8486
6597782.7231884,4273.1816,4224.758,4150.576,4418.9697,4284.0,4541.061,4398.3643,4249.4854,4511.1816,3771.4243,4458.6367,4252.0605,4271.121,4129.4546
6597791.06092453,4270.0913,4223.2124,4149.5454,4412.273,4282.97,4539.515,4400.9395,4251.546,4514.788,3775.0305,4462.2427,4252.5757,4271.121,4131.0005
6597798.705101013,4265.97,4221.6665,4143.879,4403.515,4281.4243,4542.6064,4404.546,4249.4854,4511.1816,3769.3638,4454.5156,4246.394,4266.485,4134.0913
6597806.419610977,4268.031,4222.6973,4146.455,4409.6973,4281.4243,4540.546,4400.425,4243.303,4510.6665,3765.7578,4449.8794,4247.4243,4266.485,4135.6367
6597813.771009445,4269.0605,4223.7275,4150.576,4412.788,4280.9097,4530.2427,4395.788,4236.6064,4501.9097,3765.2427,4450.3945,4250.515,4267.515,4134.0913
6597823.163032532,4266.485,4221.6665,4144.909,4402.4854,4280.9097,4528.182,4399.909,4236.091,4493.667,3761.6362,4448.334,4249.4854,4267.0,4133.576
6597829.731702805,4270.0913,4219.606,4145.4243,4404.546,4280.9097,4529.7275,4401.9697,4240.2124,4496.242,3761.1213,4450.3945,4250.515,4266.485,4135.6367
6597837.715148926,4273.697,4220.6367,4155.212,4416.394,4280.9097,4528.6973,4399.394,4247.9395,4499.849,3763.6973,4453.485,4254.636,4265.4546,4140.273
6597846.380472183,4268.031,4222.1816,4156.2427,4409.6973,4280.9097,4535.394,4398.3643,4248.4546,4494.6973,3763.1821,4448.8486,4254.121,4266.485,4138.727
6597853.6901474,4264.4243,4218.576,4152.1216,4398.879,4280.394,4544.152,4399.909,4243.303,4493.152,3759.0608,4446.273,4250.515,4267.515,4133.576
6597861.793994904,4268.031,4220.121,4154.182,4410.2124,4281.9395,4545.697,4403.0,4246.394,4502.4243,3763.6973,4450.3945,4250.0,4268.546,4133.576
6597869.704723358,4264.9395,4227.3335,4155.212,4420.0,4284.0,4545.697,4405.0605,4250.515,4511.1816,3770.9092,4451.4243,4252.5757,4269.0605,4131.0005
6597877.715587616,4257.7275,4227.3335,4149.5454,4411.2427,4284.0,4545.697,4401.4546,4248.9697,4509.6367,3769.879,4449.8794,4248.9697,4267.515,4124.8184
6597884.758472443,4255.667,4222.1816,4146.455,4408.667,4285.031,4543.636,4399.394,4253.0913,4510.152,3768.8486,4449.8794,4242.273,4264.9395,4125.8486
6597893.898963928,4253.6064,4221.1514,4142.848,4410.2124,4286.5757,4545.697,4404.0303,4257.7275,4512.727,3766.788,4448.8486,4238.152,4264.4243,4127.909
6597900.760889053,4251.031,4219.606,4137.182,4404.0303,4284.0,4546.2124,4404.546,4257.2124,4505.0,3759.0608,4446.7876,4235.0605,4263.394,4123.273
6597908.740282059,4252.0605,4218.0605,4140.7876,4405.0605,4282.4546,4542.0913,4401.4546,4256.1816,4502.4243,3758.5454,4446.7876,4240.2124,4260.818,4124.8184
6597916.734933853,4257.7275,4226.8184,4153.6665,4416.909,4285.5454,4540.546,4401.4546,4255.152,4510.6665,3770.394,4455.5454,4251.546,4268.546,4137.182
6597924.755096436,4264.4243,4235.5757,4159.8486,4421.031,4287.0913,4543.636,4403.515,4252.5757,4504.485,3772.4546,4464.303,4256.1816,4282.4546,4143.364
6597932.802200317,4268.031,4234.0303,4156.758,4418.9697,4286.5757,4546.2124,4404.546,4243.303,4493.152,3764.2124,4464.819,4253.6064,4284.515,4140.7876
6597940.747261047,4261.8486,4229.909,4158.303,4420.515,4286.5757,4542.6064,4398.879,4229.394,4491.0913,3759.0608,4459.1514,4254.636,4274.2124,4138.2124
6597947.7455616,4254.636,4223.2124,4154.182,4415.879,4284.515,4541.061,4393.212,4214.455,4483.364,3752.8792,4451.94,4251.031,4267.515,4133.061
6597957.922458649,4253.0913,4219.091,4149.5454,4407.121,4282.97,4543.1216,4394.2427,4207.758,4478.2124,3748.758,4445.758,4242.788,4264.9395,4126.364
6597963.757038116,4254.636,4220.121,4153.1514,4408.667,4282.4546,4542.6064,4392.697,4211.364,4488.5156,3752.3638,4446.273,4244.3335,4263.394,4125.8486
6597971.80724144,4253.6064,4219.091,4149.5454,4409.6973,4281.9395,4540.031,4389.606,4217.5454,4495.7275,3755.97,4448.334,4243.818,4264.9395,4126.879
6597979.743719101,4250.515,4216.0,4140.273,4403.515,4280.9097,4541.5757,4396.8184,4221.1514,4501.3945,3759.0608,4445.2427,4236.6064,4265.97,4124.303
6597987.743139267,4250.515,4216.5156,4139.2427,4399.909,4282.97,4543.636,4406.091,4223.2124,4507.0605,3763.6973,4440.606,4235.5757,4263.394,4124.8184
6597995.730161667,4250.515,4211.364,4141.8184,4400.9395,4284.0,4543.1216,4403.515,4226.303,4503.455,3760.606,4435.455,4236.6064,4256.697,4125.8486
6598003.697395325,4248.9697,4205.6973,4138.727,4400.9395,4281.9395,4541.5757,4398.3643,4222.1816,4494.1816,3750.3032,4433.394,4232.485,4253.0913,4121.2124
6598011.71541214,4247.4243,4206.2124,4136.6665,4399.394,4281.9395,4542.0913,4401.9697,4212.3945,4486.4546,3746.182,4433.394,4230.9395,4251.031,4116.5757
6598018.705368042,4247.9395,4205.1816,4138.727,4399.394,4282.4546,4542.0913,4403.0,4205.6973,4480.273,3744.6365,4430.303,4234.0303,4247.9395,4115.0303
6598027.279615402,4249.4854,4208.7876,4140.273,4403.515,4282.97,4539.0,4395.273,4202.0913,4477.6973,3740.5154,4428.758,4233.0,4246.394,4112.9697
6598034.763336182,4250.0,4216.0,4139.758,4404.0303,4284.0,4541.061,4395.273,4196.9395,4479.2427,3741.0305,4432.364,4231.9697,4246.909,4115.546
6598042.80090332,4253.0913,4219.091,4142.848,4406.091,4285.5454,4545.697,4405.0605,4189.2124,4478.2124,3745.6667,4438.5454,4238.667,4249.4854,4124.303
6598050.781011581,4257.2124,4219.091,4154.182,4413.303,4285.5454,4543.636,4405.5757,4185.0913,4477.182,3748.758,4446.273,4248.9697,4263.394,4129.4546
6598063.675403595,4257.2124,4219.606,4156.758,4412.788,4284.515,4541.061,4397.8486,4184.576,4477.6973,3747.2122,4448.8486,4251.546,4268.546,4129.4546
6598067.063570023,4253.6064,4218.0605,4151.606,4408.152,4283.485,4541.5757,4396.8184,4183.546,4476.152,3744.6365,4445.758,4248.9697,4255.667,4128.4243
6598080.705165863,4255.667,4219.091,4155.212,4412.273,4283.485,4541.061,4399.394,4187.152,4478.2124,3747.2122,4446.273,4248.9697,4256.1816,4131.5156
6598081.917762756,4256.697,4220.6367,4157.788,4414.8486,4282.97,4536.9395,4400.9395,4195.394,4486.97,3752.3638,4448.8486,4249.4854,4268.546,4131.0005
6598090.1691913605,4254.121,4217.5454,4154.182,4409.182,4280.394,4535.394,4402.4854,4208.7876,4501.3945,3759.0608,4447.303,4249.4854,4266.485,4129.9697
6598098.158836365,4255.152,4216.0,4153.1514,4406.6064,4278.849,4540.031,4403.0,4221.6665,4510.6665,3762.667,4445.758,4250.515,4262.364,4132.031
6598107.042789459,4256.1816,4219.091,4155.727,4410.7275,4280.9097,4542.0913,4403.0,4222.1816,4513.758,3763.6973,4449.364,4249.4854,4268.031,4136.152
6598118.1926727295,4254.636,4221.6665,4156.2427,4415.364,4283.485,4535.394,4398.879,4211.364,4510.6665,3766.788,4451.94,4250.515,4269.0605,4137.182
6598127.948999405,4254.636,4221.1514,4156.2427,4416.909,4284.515,4528.6973,4393.212,4203.121,4502.4243,3768.8486,4448.8486,4251.031,4267.515,4131.5156
6598129.776954651,4252.5757,4220.121,4156.2427,4414.3335,4285.031,4530.2427,4391.6665,4199.0,4498.3027,3765.2427,4448.8486,4248.4546,4268.031,4130.485
6598137.6757621765,4252.5757,4222.1816,4158.303,4415.364,4284.515,4530.2427,4390.636,4190.242,4494.1816,3761.1213,4457.606,4251.546,4267.515,4136.6665
6598145.740032196,4257.7275,4224.758,4163.4546,4419.485,4284.0,4526.6367,4388.061,4179.4243,4483.364,3760.606,4460.182,4256.697,4268.546,4140.7876
6598152.767896652,4257.7275,4223.7275,4158.303,4416.909,4284.515,4532.303,4391.1514,4177.879,4476.152,3755.97,4451.4243,4253.0913,4270.0913,4139.758
6598160.803318024,4252.0605,4219.606,4150.576,4409.6973,4284.0,4539.0,4396.3037,4183.0303,4476.667,3749.273,4445.758,4246.394,4266.485,4137.6973
6598168.764829636,4252.5757,4218.576,4152.1216,4405.5757,4283.485,4533.3335,4397.3335,4186.6367,4477.182,3749.7883,4446.273,4247.4243,4263.9097,4137.6973
