Tm,F3,FC5,AF3,F7,T7,P7,O1,O2,P8,T8,F8,AF4,FC6,F4
6038961.484909058,4269.0605,4187.667,4122.758,4398.3643,4234.5454,4542.6064,4311.8184,4284.0,4494.6973,3740.5154,4417.4243,4146.455,4257.7275,4108.8486
6038964.433431625,4271.121,4188.1816,4126.364,4401.4546,4236.6064,4544.152,4314.909,4292.2427,4498.3027,3743.091,4420.515,4155.212,4265.4546,4110.394
6038972.44143486,4271.636,4189.2124,4122.2427,4401.4546,4235.5757,4540.546,4305.6367,4291.2124,4500.364,3744.1213,4420.515,4150.576,4267.0,4111.9395
6038981.419801712,4267.515,4186.6367,4115.546,4393.727,4234.0303,4536.9395,4299.4546,4280.394,4495.2124,3739.485,4415.879,4139.2427,4261.8486,4106.788
6038999.517917633,4267.515,4185.6064,4116.5757,4393.727,4234.0303,4539.0,4306.667,4285.031,4497.788,3742.0608,4418.9697,4147.485,4263.394,4106.788
6039000.450372696,4268.031,4187.152,4119.152,4400.425,4235.5757,4542.0913,4315.425,4297.394,4507.576,3747.7273,4428.2427,4156.2427,4268.546,4110.394
6039004.443407059,4267.0,4188.6973,4118.1216,4399.909,4235.5757,4543.636,4316.4546,4302.546,4511.6973,3748.2424,4431.3335,4148.5156,4269.0605,4109.879
6039012.434720993,4274.2124,4189.2124,4121.7275,4399.909,4235.5757,4544.667,4315.425,4299.9697,4511.1816,3749.7883,4431.8486,4148.0005,4269.5757,4109.879
6039021.529436111,4284.0,4190.242,4126.879,4404.0303,4236.091,4545.182,4312.8486,4290.182,4508.606,3752.3638,4435.97,4157.788,4272.667,4110.909
6039028.510808945,4277.8184,4188.1816,4122.2427,4399.394,4234.5454,4543.636,4306.1514,4282.4546,4500.879,3744.6365,4430.8184,4153.6665,4265.97,4103.697
6039035.518169403,4266.485,4182.515,4117.6064,4392.182,4235.5757,4542.6064,4305.1216,4284.515,4496.758,3741.0305,4424.6367,4142.848,4260.303,4099.5757
6039043.478965759,4269.0605,4176.8486,4114.515,4389.091,4235.5757,4544.667,4310.2725,4284.0,4497.788,3744.1213,4423.0913,4140.7876,4262.879,4103.697
6039051.518201828,4269.5757,4173.758,4107.8184,4384.9697,4227.8486,4542.0913,4304.6064,4279.879,4495.7275,3737.4246,4415.364,4137.6973,4258.7573,4100.091
6039064.505577087,4257.7275,4170.667,4103.1816,4383.94,4220.6367,4534.364,4297.394,4281.4243,4494.1816,3730.7273,4409.6973,4133.576,4250.515,4092.8792
6039067.503213882,4253.0913,4168.606,4100.6064,4384.9697,4219.091,4535.394,4307.6973,4282.4546,4494.6973,3735.3638,4407.6367,4133.061,4251.546,4093.9092
6039075.489759445,4260.818,4169.636,4103.1816,4385.485,4226.303,4543.636,4312.333,4288.121,4501.9097,3741.0305,4409.6973,4136.152,4260.303,4099.0605
6039083.486318588,4269.0605,4172.2124,4108.8486,4388.061,4234.5454,4543.1216,4300.485,4301.0,4511.6973,3741.0305,4414.3335,4139.2427,4267.515,4102.667
6039095.437288284,4268.546,4172.7275,4109.879,4388.5757,4228.364,4539.515,4301.515,4296.364,4504.485,3738.97,4411.758,4133.061,4262.364,4099.0605
6039099.500179291,4264.9395,4171.182,4107.8184,4386.515,4219.091,4541.5757,4314.3936,4282.4546,4491.6064,3736.3943,4408.152,4125.8486,4254.636,4093.9092
6039107.529163361,4271.121,4173.2427,4107.303,4389.091,4227.3335,4542.6064,4314.3936,4280.394,4493.152,3738.4548,4412.273,4133.576,4261.3335,4099.5757
6039115.427494049,4279.879,4180.9697,4116.0605,4395.788,4238.667,4544.667,4311.8184,4292.2427,4501.9097,3745.6667,4423.0913,4145.94,4271.636,4109.879
6039122.49994278,4282.97,4186.6367,4125.3335,4398.3643,4235.5757,4547.2427,4313.879,4296.364,4502.4243,3748.2424,4430.303,4146.455,4271.636,4113.485
6039130.849123001,4282.97,4186.121,4121.2124,4394.758,4233.0,4545.182,4314.3936,4290.182,4497.788,3742.0608,4430.8184,4144.3945,4267.0,4111.4243
6039138.48233223,4282.97,4185.0913,4115.0303,4392.182,4235.0605,4543.636,4313.879,4290.6973,4500.364,3738.97,4428.2427,4148.0005,4265.97,4111.9395
6039146.482467651,4285.031,4187.667,4123.273,4399.394,4236.091,4543.1216,4311.8184,4298.9395,4511.1816,3747.2122,4435.97,4155.212,4274.7275,4117.091
6039154.489040375,4285.5454,4190.242,4126.879,4405.0605,4236.091,4544.152,4314.3936,4303.061,4511.6973,3750.3032,4439.576,4159.3335,4279.879,4121.2124
6039166.450738907,4281.9395,4189.2124,4118.1216,4397.3335,4233.0,4544.667,4320.5757,4295.3335,4497.273,3738.97,4428.758,4154.182,4270.6064,4115.546
6039171.2510585785,4279.879,4187.152,4118.1216,4392.697,4232.485,4545.182,4320.5757,4287.0913,4491.6064,3734.3335,4427.2124,4150.061,4264.9395,4111.9395
6039178.444862366,4284.0,4188.6973,4125.3335,4400.425,4235.5757,4544.667,4315.94,4290.182,4497.788,3743.091,4437.5156,4153.6665,4274.2124,4121.2124
6039185.418367386,4286.0605,4191.273,4125.8486,4403.0,4236.091,4541.061,4313.879,4300.485,4499.849,3746.697,4437.5156,4157.788,4276.788,4125.3335
6039208.425045013,4280.394,4188.1816,4122.2427,4396.3037,4232.485,4540.031,4314.909,4303.061,4497.273,3742.0608,4426.182,4153.1514,4269.5757,4116.0605
6039211.457490921,4277.303,4185.6064,4118.1216,4393.212,4234.5454,4548.273,4323.1514,4294.8184,4501.3945,3742.0608,4424.1216,4145.94,4267.0,4109.879
6039219.488143921,4280.394,4186.6367,4115.0303,4397.3335,4239.697,4557.546,4332.425,4297.394,4510.152,3749.273,4433.394,4149.5454,4272.152,4112.9697
6039222.464561462,4282.97,4188.6973,4119.152,4400.9395,4240.2124,4559.6064,4329.3335,4307.182,4512.727,3756.4849,4437.0005,4156.2427,4276.788,4114.0
6039231.016874313,4282.4546,4190.758,4126.364,4402.4854,4239.697,4554.97,4318.515,4309.758,4514.2734,3753.394,4432.879,4155.727,4281.4243,4117.091
6039233.487606049,4283.485,4193.3335,4127.394,4402.4854,4239.697,4547.7573,4316.9697,4300.485,4507.576,3742.576,4432.364,4155.727,4285.031,4122.758
6039246.848106384,4284.0,4191.273,4124.303,4402.4854,4236.6064,4547.7573,4324.697,4295.3335,4495.7275,3738.4548,4432.364,4156.758,4280.394,4120.6973
6039249.928474426,4282.97,4189.2124,4124.303,4398.879,4234.5454,4548.788,4325.7275,4308.7275,4503.455,3740.0002,4428.758,4156.2427,4279.364,4123.273
6039263.461351395,4282.97,4188.6973,4124.303,4394.758,4235.5757,4543.1216,4315.94,4312.8486,4513.758,3744.1213,4429.788,4155.212,4280.394,4124.8184
6039269.480228424,4280.394,4184.576,4116.0605,4393.727,4230.9395,4540.031,4311.8184,4293.788,4499.849,3748.758,4434.94,4151.091,4272.152,4113.485
6039273.361206055,4276.273,4177.879,4108.8486,4390.1216,4225.788,4542.6064,4318.515,4287.606,4490.576,3742.576,4428.758,4143.364,4262.879,4105.2427
6039280.472993851,4277.303,4173.758,4108.8486,4382.394,4228.364,4543.1216,4322.1216,4297.394,4501.9097,3731.7576,4414.3335,4139.2427,4263.9097,4107.303
6039296.0896492,4280.9097,4176.8486,4111.4243,4387.5454,4234.0303,4541.061,4320.5757,4302.0303,4511.6973,3741.5457,4415.364,4142.848,4270.6064,4111.9395
6039302.573919296,4281.9395,4185.0913,4119.152,4401.4546,4236.6064,4546.2124,4326.2427,4307.182,4522.5156,3763.1821,4430.303,4154.182,4284.0,4119.152
6039309.707641602,4281.4243,4190.242,4121.7275,4401.9697,4238.152,4557.546,4334.4854,4316.9697,4532.303,3770.394,4435.97,4158.819,4294.303,4125.3335
6039312.506914139,4282.97,4184.0605,4114.515,4394.2427,4237.1216,4557.031,4332.425,4320.5757,4533.3335,3769.879,4432.364,4150.061,4292.2427,4124.303
6039320.718050003,4278.849,4177.879,4108.3335,4390.1216,4234.5454,4550.3335,4330.3643,4316.4546,4528.182,3767.3032,4424.1216,4139.2427,4283.485,4116.5757
6039328.463792801,4271.121,4179.4243,4110.394,4389.606,4234.0303,4553.9395,4338.091,4313.879,4518.909,3760.606,4421.031,4138.727,4275.242,4110.394
6039336.386919022,4273.1816,4179.9395,4112.4546,4390.636,4233.0,4549.818,4331.394,4316.4546,4514.2734,3761.1213,4429.788,4143.364,4275.242,4117.091
6039344.494819641,4279.879,4180.9697,4114.0,4391.1514,4230.4243,4538.485,4314.3936,4308.212,4512.727,3762.1519,4433.394,4144.3945,4280.394,4123.273
6039352.478504181,4280.394,4185.0913,4117.091,4393.727,4233.0,4541.061,4314.909,4296.879,4508.0913,3758.0305,4432.879,4145.94,4282.97,4119.152
6039364.478349686,4281.9395,4186.6367,4119.152,4397.3335,4237.1216,4546.7275,4317.4854,4302.546,4506.031,3757.0002,4433.9097,4148.5156,4283.485,4116.0605
6039367.513179779,4280.9097,4186.121,4117.091,4394.2427,4235.5757,4542.6064,4314.3936,4310.2725,4511.6973,3754.9397,4427.2124,4144.3945,4280.394,4114.0
6039384.441137314,4273.697,4186.6367,4114.515,4393.212,4229.909,4542.0913,4319.546,4307.6973,4513.2427,3752.8792,4422.576,4140.7876,4278.849,4112.4546
6039385.380744934,4272.667,4180.4546,4114.515,4397.3335,4230.9395,4546.2124,4325.7275,4310.788,4511.1816,3754.9397,4427.7275,4144.909,4285.031,4116.0605
6039395.440101624,4279.364,4176.3335,4111.9395,4393.212,4235.5757,4546.7275,4325.7275,4316.4546,4514.2734,3750.8186,4424.6367,4142.3335,4286.5757,4116.0605
6039399.490118027,4281.9395,4184.0605,4114.515,4393.727,4236.6064,4547.2427,4327.788,4319.0303,4519.9395,3748.2424,4425.152,4144.3945,4282.4546,4112.4546
6039407.400608063,4282.4546,4189.2124,4120.6973,4400.9395,4237.1216,4547.7573,4329.8486,4316.4546,4516.334,3754.4243,4432.879,4153.6665,4279.879,4113.485
6039415.434360504,4280.9097,4185.6064,4114.0,4395.788,4235.5757,4548.788,4325.7275,4302.546,4507.0605,3748.758,4426.6973,4144.909,4273.1816,4107.303
6039423.414707184,4279.364,4185.0913,4107.8184,4391.6665,4232.485,4545.182,4318.515,4306.1514,4510.6665,3745.6667,4423.6064,4138.2124,4275.758,4107.303
6039435.421705246,4281.4243,4189.7275,4113.485,4398.3643,4234.0303,4543.1216,4315.94,4313.879,4509.121,3751.3335,4433.394,4153.1514,4285.031,4121.2124
6039457.562923431,4282.4546,4188.1816,4117.6064,4401.9697,4238.152,4550.3335,4316.4546,4298.9395,4497.788,3747.2122,4432.879,4159.3335,4284.0,4123.788
6039458.499670029,4281.9395,4187.152,4119.152,4400.9395,4237.1216,4559.0913,4316.9697,4299.4546,4504.485,3748.758,4429.788,4154.182,4284.0,4121.7275
6039460.472106934,4281.9395,4189.7275,4121.2124,4401.9697,4235.0605,4556.515,4315.425,4311.8184,4515.303,3759.5757,4434.94,4157.273,4289.152,4124.8184
6039463.318347931,4279.879,4187.667,4117.091,4401.9697,4236.091,4548.273,4320.061,4307.6973,4507.0605,3755.4546,4434.94,4158.819,4289.152,4123.273
6039479.489564896,4280.394,4186.121,4117.091,4401.9697,4236.6064,4545.697,4328.303,4309.758,4505.5156,3750.8186,4431.8486,4153.6665,4286.0605,4119.667
6039481.350183487,4284.515,4191.273,4124.303,4403.515,4236.091,4547.2427,4329.8486,4321.091,4519.9395,3758.0305,4434.94,4156.2427,4286.0605,4124.8184
6039486.47236824,4285.5454,4193.8486,4125.3335,4405.5757,4238.667,4547.2427,4322.1216,4316.4546,4520.9697,3757.5151,4435.455,4160.364,4284.0,4124.8184
6039494.496822357,4280.394,4189.2124,4118.1216,4404.546,4240.7275,4546.7275,4315.425,4308.7275,4506.031,3748.2424,4426.182,4152.6367,4276.273,4111.9395
6039502.463579178,4277.8184,4187.152,4110.394,4396.8184,4238.152,4545.697,4316.4546,4303.576,4495.2124,3741.5457,4416.909,4140.273,4265.4546,4105.758
6039510.506391525,4277.8184,4189.7275,4109.364,4391.1514,4235.5757,4544.667,4316.4546,4296.879,4495.7275,3738.97,4417.4243,4139.2427,4264.9395,4107.8184
6039517.492055893,4273.1816,4185.0913,4111.4243,4394.2427,4237.636,4544.667,4315.94,4299.4546,4496.242,3738.97,4421.546,4144.909,4271.636,4109.879
6039525.43258667,4266.485,4177.879,4109.879,4394.758,4233.515,4543.636,4315.425,4299.4546,4491.0913,3735.8792,4416.394,4142.848,4267.0,4107.303
6039533.524513245,4265.97,4183.546,4107.8184,4391.1514,4226.303,4541.5757,4311.8184,4296.364,4490.0605,3741.0305,4414.3335,4140.273,4267.515,4108.3335
6039542.120218277,4270.6064,4190.758,4111.4243,4390.636,4230.9395,4542.6064,4313.879,4303.061,4493.667,3750.8186,4420.0,4146.455,4281.4243,4115.546
6039549.5364665985,4269.0605,4179.9395,4110.909,4394.2427,4235.0605,4544.152,4319.0303,4312.8486,4500.879,3750.3032,4424.1216,4150.061,4286.0605,4115.0303
6039557.425022125,4266.485,4174.273,4106.788,4397.3335,4231.9697,4544.152,4318.515,4313.364,4508.606,3746.182,4426.6973,4148.5156,4277.8184,4109.879
6039573.615312576,4272.152,4185.0913,4111.9395,4399.909,4234.5454,4544.152,4315.94,4312.333,4510.6665,3753.9094,4432.364,4152.6367,4277.8184,4116.5757
6039574.544906616,4282.4546,4190.758,4119.667,4401.9697,4239.182,4544.667,4314.3936,4314.3936,4508.606,3760.606,4437.0005,4158.303,4288.121,4127.394
6039582.0553302765,4282.97,4187.152,4113.485,4403.0,4234.5454,4544.152,4316.9697,4314.3936,4508.0913,3753.394,4434.4243,4155.212,4287.0913,4119.152
6039588.482618332,4276.788,4186.6367,4109.364,4402.4854,4233.515,4544.667,4320.061,4314.3936,4509.6367,3755.97,4430.303,4153.1514,4284.0,4111.4243
6039596.493721008,4281.4243,4190.242,4118.6367,4403.0,4239.697,4546.2124,4318.515,4320.5757,4512.727,3772.9697,4434.4243,4158.303,4293.273,4122.2427
6039613.586187363,4282.4546,4187.152,4119.667,4403.0,4238.667,4544.152,4312.333,4319.546,4511.6973,3775.0305,4435.97,4159.3335,4294.8184,4123.788
6039614.533662796,4270.6064,4177.364,4107.303,4400.9395,4233.515,4540.546,4313.364,4306.1514,4495.2124,3752.8792,4424.6367,4153.1514,4278.3335,4109.364
6039623.374700546,4272.152,4177.364,4107.303,4400.9395,4233.515,4542.0913,4317.4854,4306.667,4490.0605,3748.2424,4422.061,4153.6665,4273.1816,4106.788
6039628.6334991455,4286.0605,4186.121,4117.6064,4404.0303,4237.1216,4544.152,4316.4546,4319.0303,4503.455,3770.394,4434.4243,4159.3335,4291.2124,4123.273
6039636.502027512,4287.606,4187.667,4115.546,4403.515,4234.0303,4542.6064,4314.909,4313.364,4503.97,3774.0,4439.061,4159.8486,4294.8184,4129.4546
6039644.47927475,4278.3335,4182.0,4108.3335,4399.909,4223.7275,4539.0,4316.4546,4300.485,4492.6367,3754.9397,4432.364,4156.2427,4277.8184,4117.091
6039652.494192123,4275.242,4176.8486,4105.2427,4394.758,4218.576,4537.9697,4316.9697,4306.667,4492.6367,3745.1516,4417.9395,4149.0303,4276.273,4111.4243
6039660.497903824,4278.3335,4171.6973,4103.697,4390.636,4226.303,4539.515,4317.4854,4322.636,4506.031,3749.7883,4408.152,4142.848,4288.121,4117.091
6039678.445577621,4281.9395,4175.8184,4105.758,4393.212,4235.0605,4543.1216,4322.636,4332.425,4517.364,3759.0608,4417.4243,4144.909,4281.9395,4118.1216
6039679.453134537,4282.97,4185.6064,4109.364,4399.394,4234.5454,4544.667,4331.394,4333.4546,4520.9697,3765.7578,4431.3335,4153.1514,4272.152,4116.5757
6039683.475971222,4282.4546,4188.1816,4108.8486,4401.4546,4232.485,4546.2124,4331.909,4325.212,4514.788,3764.2124,4432.364,4155.727,4280.9097,4122.2427
6039706.735134125,4286.5757,4189.2124,4107.303,4401.4546,4235.0605,4542.0913,4321.6064,4316.9697,4504.485,3758.5454,4432.879,4156.758,4288.636,4124.8184
6039707.610845566,4285.5454,4189.2124,4103.1816,4399.909,4233.0,4530.2427,4311.303,4310.2725,4497.788,3756.4849,4435.455,4157.273,4282.97,4121.7275
6039720.5402851105,4286.0605,4188.1816,4104.212,4403.0,4228.364,4529.2124,4310.788,4309.758,4494.6973,3757.0002,4433.394,4158.303,4280.9097,4124.303
6039721.49014473,4295.8486,4190.242,4111.4243,4409.182,4233.515,4540.031,4318.515,4313.879,4497.273,3757.5151,4434.94,4164.485,4288.121,4132.031
6039723.500490189,4294.303,4191.273,4108.8486,4406.091,4236.6064,4544.152,4325.212,4304.091,4493.667,3755.4546,4438.031,4162.94,4286.0605,4131.0005
6039733.158349991,4285.5454,4188.1816,4100.6064,4401.4546,4233.0,4540.546,4322.1216,4302.546,4492.121,3754.9397,4434.4243,4156.758,4272.667,4121.7275
6039739.711523056,4286.5757,4188.6973,4099.5757,4404.0303,4235.5757,4539.515,4314.909,4316.9697,4498.8184,3756.4849,4423.0913,4156.758,4266.485,4116.5757
6039747.451543808,4281.4243,4186.6367,4090.818,4398.879,4230.9395,4541.061,4312.333,4311.303,4492.6367,3747.2122,4410.7275,4146.9697,4267.0,4107.8184
6039754.503488541,4267.0,4175.303,4078.9697,4389.091,4221.1514,4540.031,4313.364,4292.758,4480.273,3738.4548,4407.121,4129.4546,4255.152,4093.394
6039770.222187042,4265.97,4172.7275,4083.0908,4396.8184,4230.4243,4539.0,4312.8486,4296.879,4489.031,3746.182,4414.8486,4131.5156,4248.4546,4091.8486
6039779.420375824,4271.121,4178.394,4087.212,4404.0303,4239.697,4541.5757,4314.909,4304.6064,4498.3027,3751.8489,4419.485,4141.8184,4259.788,4098.0303
6039780.679702759,4268.546,4176.3335,4082.576,4395.273,4232.485,4541.5757,4313.364,4299.9697,4491.6064,3744.6365,4413.8184,4140.273,4266.485,4094.9397
6039786.540746689,4267.0,4171.182,4079.4854,4390.1216,4233.515,4533.3335,4309.2427,4300.485,4493.667,3741.5457,4413.8184,4138.727,4268.031,4096.4854
6039794.965028763,4268.546,4171.182,4079.4854,4391.6665,4236.6064,4529.2124,4311.8184,4299.9697,4495.7275,3739.485,4415.879,4140.273,4265.97,4100.091
6039808.015584946,4264.9395,4171.182,4079.4854,4390.1216,4222.6973,4529.7275,4308.212,4296.364,4482.8486,3735.8792,4410.7275,4139.2427,4255.667,4097.515
6039814.687013626,4264.4243,4169.636,4080.5154,4391.6665,4223.2124,4526.6367,4300.485,4303.061,4485.4243,3745.6667,4412.273,4141.303,4257.7275,4101.121
6039818.507671356,4268.031,4174.788,4081.0303,4397.3335,4238.152,4527.667,4308.212,4309.758,4500.879,3755.97,4424.6367,4143.364,4269.5757,4107.303
6039825.819015503,4263.394,4172.2124,4074.3333,4391.6665,4231.4546,4531.788,4318.515,4303.061,4493.152,3742.0608,4416.394,4135.6367,4263.394,4097.515
6039833.49943161,4251.546,4156.2427,4067.1216,4379.303,4217.0303,4528.6973,4309.758,4294.8184,4477.6973,3725.061,4391.1514,4123.788,4249.4854,4085.1514
6039841.503381729,4246.909,4156.758,4068.1516,4380.848,4219.091,4524.576,4297.394,4294.303,4478.7275,3731.2427,4391.6665,4122.2427,4248.9697,4088.7576
6039849.477291107,4253.6064,4170.667,4070.2122,4388.5757,4223.7275,4526.1216,4299.4546,4298.9395,4482.3335,3741.5457,4406.091,4127.909,4248.9697,4092.364
6039857.466459274,4255.667,4168.091,4069.697,4386.515,4221.6665,4526.1216,4302.0303,4297.909,4478.7275,3735.8792,4403.0,4125.8486,4246.909,4089.788
6039865.502119064,4253.0913,4163.9697,4072.788,4387.0303,4220.121,4526.6367,4298.9395,4292.758,4477.6973,3732.7878,4397.3335,4124.303,4251.546,4090.818
6039881.519317627,4257.7275,4171.6973,4076.3938,4395.788,4220.121,4528.182,4302.0303,4294.303,4478.7275,3735.8792,4404.546,4133.061,4250.515,4092.364
6039883.48031044,4266.485,4172.7275,4081.546,4400.425,4224.758,4528.6973,4308.212,4297.394,4479.758,3736.3943,4409.6973,4140.273,4246.394,4095.9697
6039889.808893204,4270.6064,4176.8486,4091.8486,4402.4854,4236.6064,4528.182,4304.091,4293.788,4484.909,3737.9397,4414.8486,4141.303,4256.1816,4106.273
6039897.529602051,4269.5757,4185.6064,4090.303,4400.425,4238.152,4528.182,4297.909,4294.303,4484.909,3742.0608,4420.0,4142.3335,4266.485,4109.879
6039905.732393265,4267.515,4177.364,4076.3938,4392.182,4228.364,4529.2124,4300.485,4299.9697,4483.364,3740.0002,4412.788,4140.273,4257.2124,4100.6064
6039912.552833557,4268.031,4171.6973,4075.8787,4390.636,4228.364,4530.2427,4305.1216,4301.0,4491.6064,3736.9094,4409.6973,4136.152,4248.9697,4098.546
6039921.751022339,4269.5757,4178.909,4086.182,4394.758,4237.1216,4529.2124,4308.7275,4298.4243,4496.242,3737.4246,4417.4243,4140.273,4255.152,4104.7275
6039928.496599197,4267.515,4175.8184,4084.6365,4392.182,4235.5757,4530.2427,4313.879,4299.9697,4485.9395,3732.7878,4412.788,4138.2124,4253.6064,4099.5757
6039936.543703079,4265.4546,4168.091,4079.4854,4388.5757,4229.394,4533.8486,4318.0005,4304.091,4483.879,3731.7576,4399.909,4129.4546,4247.4243,4093.9092
6039944.502353668,4269.0605,4178.394,4084.6365,4395.788,4230.9395,4533.3335,4316.9697,4307.6973,4498.8184,3739.485,4401.4546,4132.031,4254.121,4102.1514
6039952.544927597,4270.0913,4189.7275,4088.7576,4399.394,4231.4546,4529.7275,4309.2427,4299.4546,4498.3027,3739.485,4408.152,4139.758,4258.7573,4108.8486
6039960.50620079,4268.031,4186.6367,4086.182,4394.2427,4230.4243,4527.152,4302.546,4284.515,4482.3335,3731.2427,4406.6064,4139.2427,4251.031,4100.6064
6039967.477560043,4267.0,4183.0303,4087.7275,4394.758,4233.0,4529.7275,4307.6973,4287.0913,4482.3335,3731.7576,4408.667,4137.182,4248.4546,4096.4854
6039986.69219017,4267.515,4187.152,4092.8792,4401.4546,4233.515,4540.546,4315.94,4294.303,4491.0913,3740.0002,4416.394,4140.7876,4257.2124,4105.2427
6039987.568616867,4269.0605,4188.6973,4092.364,4401.4546,4233.515,4541.5757,4312.8486,4303.061,4497.273,3744.1213,4417.9395,4141.8184,4264.4243,4108.3335
6040003.5972595215,4269.5757,4186.6367,4091.3335,4399.909,4234.5454,4531.788,4305.6367,4313.364,4505.0,3746.697,4415.879,4141.8184,4264.4243,4101.636
6040011.945486069,4265.4546,4187.667,4092.8792,4400.425,4235.5757,4533.3335,4308.7275,4307.182,4503.97,3745.6667,4416.394,4141.303,4259.273,4097.515
6040013.467788696,4265.4546,4188.6973,4093.9092,4401.4546,4235.5757,4542.6064,4314.3936,4306.1514,4497.273,3743.6062,4416.909,4138.2124,4258.2427,4101.121
6040016.484737396,4275.758,4190.758,4097.515,4406.6064,4237.1216,4541.5757,4314.909,4318.515,4503.97,3750.3032,4420.0,4141.8184,4265.97,4111.4243
6040023.675918579,4278.3335,4189.7275,4099.5757,4407.6367,4236.6064,4539.515,4314.909,4312.333,4511.6973,3755.4546,4421.546,4143.879,4269.5757,4112.9697
6040031.459093094,4268.031,4187.667,4093.394,4401.4546,4236.6064,4544.152,4315.94,4298.9395,4506.5454,3752.3638,4415.879,4138.727,4265.4546,4106.273
6040039.637804031,4267.0,4187.152,4093.394,4401.4546,4236.091,4544.152,4315.425,4312.333,4507.0605,3752.3638,4417.9395,4143.364,4264.4243,4108.3335
6040047.506332397,4278.3335,4188.6973,4101.121,4407.6367,4235.0605,4541.5757,4315.425,4323.1514,4513.2427,3758.0305,4428.2427,4152.1216,4271.121,4118.1216
6040054.533481598,4282.4546,4194.3633,4100.6064,4407.121,4237.636,4543.1216,4315.425,4310.788,4510.152,3758.0305,4430.303,4150.576,4269.5757,4118.1216
6040067.531585693,4278.3335,4193.3335,4097.0,4404.546,4238.667,4543.636,4314.3936,4311.303,4506.5454,3754.4243,4423.0913,4149.5454,4265.97,4112.9697
6040088.583230972,4281.9395,4192.3027,4101.121,4406.6064,4238.667,4542.6064,4314.909,4318.0005,4509.6367,3756.4849,4416.394,4156.758,4275.758,4115.546
6040089.631795883,4285.031,4197.455,4104.7275,4409.6973,4241.2427,4542.0913,4316.9697,4308.212,4508.606,3757.0002,4420.0,4159.3335,4280.394,4119.152
6040093.775510788,4274.7275,4196.424,4100.6064,4409.182,4241.2427,4544.152,4318.515,4295.3335,4496.242,3747.7273,4426.6973,4149.5454,4263.9097,4111.4243
6040094.483613968,4268.031,4194.879,4099.5757,4404.546,4238.152,4544.667,4315.425,4297.394,4494.6973,3746.697,4425.667,4141.303,4255.667,4105.2427
6040102.456569672,4274.2124,4200.031,4100.6064,4403.0,4239.182,4543.636,4312.333,4309.758,4510.6665,3761.6362,4423.0913,4143.364,4269.0605,4109.879
6040110.511541367,4274.7275,4196.424,4097.0,4401.9697,4238.667,4542.0913,4314.3936,4312.333,4508.0913,3762.667,4423.6064,4144.3945,4272.152,4111.9395
6040118.497610092,4265.97,4186.121,4091.8486,4398.879,4233.515,4539.0,4312.8486,4311.8184,4496.758,3754.9397,4418.4546,4138.2124,4264.9395,4110.394
6040125.49829483,4268.031,4188.1816,4092.364,4397.3335,4234.5454,4538.485,4308.212,4313.879,4506.5454,3765.2427,4416.394,4142.3335,4266.485,4112.9697
6040142.5178050995,4270.0913,4189.2124,4099.0605,4399.909,4237.636,4541.061,4310.788,4308.212,4509.6367,3774.5151,4425.667,4154.182,4271.636,4115.0303
6040143.451929092,4269.0605,4193.3335,4105.758,4403.515,4238.152,4544.152,4316.9697,4307.182,4499.849,3770.9092,4432.364,4156.2427,4278.3335,4119.152
6040151.228904724,4276.273,4201.0605,4106.273,4401.9697,4238.667,4544.152,4318.0005,4313.364,4507.0605,3772.4546,4432.364,4155.727,4279.364,4125.8486
6040158.473968506,4276.273,4194.879,4102.667,4399.909,4236.091,4541.5757,4313.879,4306.1514,4510.6665,3772.9697,4427.2124,4155.727,4270.6064,4120.182
6040166.481018066,4267.515,4192.3027,4102.667,4403.0,4236.6064,4540.546,4311.8184,4296.364,4498.3027,3761.6362,4418.9697,4153.6665,4266.485,4110.909
6040173.434495926,4268.031,4201.576,4107.303,4409.182,4248.4546,4544.667,4315.94,4304.091,4502.4243,3760.091,4421.031,4154.6973,4269.0605,4113.485
6040202.581167221,4271.636,4205.1816,4108.3335,4410.2124,4256.1816,4549.303,4322.636,4314.3936,4513.758,3768.3335,4427.7275,4153.1514,4268.031,4112.9697
6040203.5176754,4269.0605,4201.0605,4106.788,4409.6973,4252.5757,4551.364,4326.2427,4314.909,4509.6367,3766.788,4424.6367,4145.4243,4264.4243,4106.273
6040204.558610916,4273.1816,4204.152,4107.303,4411.758,4252.0605,4553.9395,4320.5757,4315.425,4510.152,3765.7578,4422.061,4146.9697,4267.0,4112.4546
6040205.42383194,4277.8184,4205.6973,4109.364,4412.273,4255.152,4556.515,4313.879,4321.091,4518.3945,3773.4849,4432.364,4157.788,4276.788,4123.788
6040213.689565659,4270.6064,4197.97,4108.3335,4407.121,4251.031,4553.9395,4318.0005,4323.1514,4516.8486,3774.0,4438.031,4159.3335,4285.031,4127.909
6040221.482515335,4267.0,4194.879,4106.788,4405.5757,4247.4243,4548.788,4323.1514,4319.546,4511.1816,3769.879,4433.394,4156.2427,4283.485,4125.8486
6040228.500843048,4270.0913,4201.0605,4108.3335,4409.182,4251.031,4546.2124,4317.4854,4314.909,4511.6973,3771.9395,4433.9097,4158.819,4280.9097,4126.364
6040236.513376236,4270.6064,4203.6367,4109.364,4410.2124,4253.6064,4544.152,4312.333,4312.8486,4513.758,3771.9395,4435.455,4158.819,4281.9395,4126.364
6040244.478702545,4269.5757,4199.5156,4105.758,4408.152,4250.0,4547.7573,4314.3936,4311.303,4510.6665,3768.3335,4430.8184,4155.212,4278.3335,4120.6973
6040252.515554428,4270.6064,4199.0,4106.273,4407.6367,4250.0,4558.0605,4316.9697,4313.879,4512.727,3770.9092,4429.788,4154.6973,4276.788,4118.6367
6040260.524272919,4273.1816,4201.576,4109.879,4410.2124,4251.031,4558.0605,4317.4854,4316.9697,4519.4243,3772.9697,4432.364,4154.182,4280.394,4123.273
6040268.513917923,4276.273,4201.0605,4108.8486,4408.152,4242.788,4546.2124,4317.4854,4314.3936,4518.3945,3769.879,4431.8486,4152.6367,4277.8184,4125.3335
6040280.114650726,4279.879,4199.5156,4107.303,4406.6064,4235.0605,4541.061,4315.425,4312.333,4512.2124,3767.8184,4431.3335,4154.182,4276.788,4122.758
6040298.444032669,4281.4243,4200.5454,4111.9395,4412.788,4237.636,4544.667,4315.94,4315.425,4511.6973,3769.879,4433.394,4156.758,4281.9395,4128.9395
6040300.430774689,4284.0,4204.152,4114.515,4413.303,4243.818,4542.6064,4313.364,4316.4546,4518.909,3771.9395,4434.94,4156.758,4285.5454,4138.727
6040301.489830017,4284.0,4205.1816,4110.909,4408.152,4246.909,4541.061,4309.758,4315.94,4519.9395,3772.4546,4435.455,4157.273,4281.9395,4134.0913
6040307.663440704,4276.788,4202.0913,4108.3335,4406.6064,4250.0,4544.152,4312.333,4313.879,4512.727,3768.8486,4432.364,4153.6665,4272.152,4123.273
6040316.4184093475,4271.636,4201.576,4108.8486,4407.6367,4250.0,4544.152,4312.333,4310.2725,4510.152,3762.1519,4427.7275,4146.9697,4264.4243,4120.6973
6040329.277992249,4279.879,4204.152,4110.394,4410.2124,4248.4546,4542.6064,4308.7275,4306.667,4512.2124,3760.606,4429.273,4150.061,4270.0913,4126.364
6040331.426143646,4285.5454,4204.152,4111.4243,4413.303,4251.031,4544.667,4310.788,4308.212,4511.1816,3763.1821,4430.303,4155.727,4275.242,4124.303
6040339.424133301,4274.2124,4203.121,4110.909,4411.758,4252.5757,4546.2124,4314.909,4312.8486,4510.152,3763.1821,4424.6367,4149.0303,4268.546,4115.0303
6040347.462415695,4266.485,4202.606,4106.273,4407.6367,4252.0605,4545.697,4314.909,4312.333,4513.758,3760.606,4417.4243,4139.2427,4262.879,4112.9697
6040355.516910553,4274.7275,4201.576,4105.758,4407.121,4250.515,4546.2124,4312.333,4311.303,4512.727,3765.2427,4421.031,4144.909,4268.546,4117.6064
6040362.555980682,4282.97,4203.6367,4118.1216,4414.3335,4251.546,4545.182,4304.091,4314.909,4512.2124,3773.4849,4434.4243,4158.819,4276.788,4124.303
6040371.382236481,4284.0,4207.758,4124.8184,4417.9395,4252.5757,4541.061,4297.394,4312.333,4513.2427,3771.4243,4434.94,4160.364,4273.1816,4125.3335
6040379.520654678,4284.515,4206.727,4119.152,4411.758,4251.546,4540.031,4303.576,4312.8486,4512.727,3766.273,4425.152,4154.6973,4265.97,4124.303
6040391.410827637,4286.0605,4203.121,4120.6973,4408.667,4253.0913,4545.697,4312.8486,4327.788,4512.727,3771.4243,4427.7275,4156.758,4276.788,4127.909
6040395.462036133,4286.0605,4203.6367,4126.364,4411.758,4257.2124,4550.8486,4316.4546,4335.515,4513.2427,3772.9697,4435.97,4160.8794,4284.515,4131.5156
6040405.537366867,4283.485,4204.152,4118.1216,4407.6367,4254.636,4547.2427,4314.909,4328.303,4512.727,3766.273,4431.3335,4157.788,4272.667,4126.364
6040410.4952812195,4282.4546,4204.6665,4111.4243,4409.6973,4251.031,4542.6064,4310.788,4326.2427,4510.6665,3768.8486,4427.7275,4155.727,4269.0605,4123.788
6040418.546915054,4284.0,4205.6973,4114.0,4416.394,4254.636,4543.636,4311.8184,4330.879,4511.1816,3772.9697,4432.879,4157.273,4276.273,4127.909
6040426.426887512,4281.9395,4204.6665,4112.9697,4410.2124,4257.7275,4544.667,4315.425,4330.879,4511.1816,3765.2427,4429.273,4156.2427,4270.6064,4126.879
6040434.545755386,4280.9097,4202.606,4109.879,4405.5757,4254.636,4542.6064,4313.364,4326.7573,4509.121,3763.1821,4426.6973,4156.2427,4269.5757,4124.303
6040441.721439362,4281.9395,4204.152,4110.394,4413.8184,4253.0913,4545.182,4309.2427,4327.788,4511.1816,3771.9395,4431.3335,4157.273,4279.879,4125.3335
6040458.592176437,4279.364,4204.6665,4108.3335,4411.2427,4254.636,4546.7275,4306.667,4325.7275,4508.606,3766.788,4425.667,4155.212,4274.2124,4123.273
6040459.524154663,4276.273,4201.576,4107.8184,4401.4546,4254.121,4541.061,4301.515,4316.9697,4497.788,3755.4546,4420.515,4153.6665,4264.4243,4121.7275
6040466.488599777,4279.879,4200.031,4113.485,4404.546,4251.031,4539.0,4298.9395,4313.879,4499.3335,3761.6362,4430.8184,4156.2427,4272.667,4124.303
6040473.586320877,4284.0,4203.6367,4119.667,4412.273,4256.1816,4543.1216,4306.1514,4323.667,4510.152,3770.9092,4435.455,4158.819,4281.9395,4124.8184
6040481.457710266,4284.0,4206.2124,4122.2427,4411.2427,4267.515,4546.7275,4318.0005,4338.091,4515.303,3771.4243,4430.8184,4159.3335,4278.849,4125.8486
6040503.639936447,4282.97,4203.121,4124.303,4409.182,4267.515,4544.152,4316.4546,4337.0605,4515.303,3767.3032,4432.364,4159.3335,4276.788,4126.879
6040504.525184631,4280.394,4201.0605,4122.758,4409.6973,4255.152,4541.061,4304.6064,4321.6064,4510.152,3759.0608,4430.303,4157.788,4278.3335,4123.273
6040506.633043289,4280.9097,4203.121,4122.758,4407.6367,4252.5757,4541.5757,4305.6367,4319.546,4505.0,3753.9094,4423.6064,4156.2427,4274.2124,4123.273
6040513.431787491,4279.879,4204.152,4123.273,4407.121,4255.152,4543.1216,4312.8486,4328.303,4508.606,3755.4546,4424.1216,4155.727,4270.6064,4125.3335
6040520.528554916,4272.152,4200.5454,4113.485,4407.121,4252.5757,4542.0913,4305.6367,4322.636,4509.6367,3750.8186,4422.061,4148.5156,4270.0913,4118.1216
6040528.49817276,4271.636,4198.485,4107.8184,4401.9697,4255.152,4540.031,4296.879,4311.8184,4496.758,3741.5457,4418.4546,4141.303,4269.0605,4115.0303
6040536.500453949,4281.4243,4204.152,4120.6973,4404.0303,4265.4546,4541.5757,4303.061,4311.8184,4491.0913,3740.0002,4424.1216,4148.5156,4270.0913,4123.273
6040544.476509094,4288.121,4207.758,4125.3335,4409.182,4264.9395,4543.1216,4306.667,4312.8486,4501.3945,3741.5457,4427.2124,4158.303,4271.636,4125.3335
6040552.524328232,4282.97,4196.424,4110.909,4403.0,4255.667,4542.6064,4301.0,4314.909,4512.2124,3742.0608,4420.0,4151.091,4269.5757,4122.2427
6040560.505390167,4272.152,4188.6973,4107.8184,4397.8486,4256.697,4543.636,4305.6367,4322.1216,4508.606,3741.5457,4414.8486,4142.3335,4265.4546,4122.2427
6040568.509340286,4273.697,4198.485,4119.667,4405.0605,4267.0,4544.152,4311.8184,4329.3335,4510.6665,3745.1516,4422.576,4151.091,4266.485,4124.303
6040576.521396637,4282.97,4197.455,4121.2124,4410.7275,4266.485,4544.667,4310.2725,4332.425,4523.5454,3751.8489,4430.303,4158.303,4271.121,4126.879
6040584.510564804,4278.849,4189.2124,4111.9395,4409.182,4258.2427,4547.2427,4312.8486,4330.879,4524.576,3748.758,4424.6367,4151.091,4271.121,4125.3335
6040607.506275177,4265.4546,4195.909,4107.303,4407.121,4253.6064,4546.2124,4316.9697,4328.8184,4511.1816,3734.8484,4415.364,4142.848,4267.0,4118.1216
6040616.459369659,4267.515,4202.606,4112.4546,4404.546,4252.5757,4541.5757,4308.212,4320.5757,4500.879,3726.6062,4413.303,4142.3335,4263.9097,4117.6064
6040617.45762825,4279.879,4199.5156,4120.6973,4407.121,4258.2427,4539.515,4296.364,4305.6367,4501.9097,3734.3335,4419.485,4149.5454,4266.485,4125.8486
6040625.472545624,4280.9097,4201.0605,4121.2124,4410.2124,4265.4546,4540.546,4297.394,4305.1216,4499.849,3738.97,4422.061,4152.6367,4268.546,4126.364
6040626.517534256,4271.636,4204.152,4112.9697,4408.667,4258.7573,4540.031,4299.9697,4311.8184,4494.6973,3731.2427,4415.364,4143.879,4265.4546,4116.5757
6040631.904363632,4266.485,4199.0,4105.758,4404.546,4251.546,4539.515,4299.9697,4313.879,4502.4243,3730.2124,4411.758,4138.727,4263.9097,4110.394
6040639.564275742,4269.0605,4192.8184,4107.303,4403.0,4255.667,4540.546,4300.485,4318.515,4514.788,3739.485,4417.4243,4142.3335,4265.97,4113.485
6040647.490978241,4269.5757,4188.6973,4107.8184,4401.9697,4257.7275,4539.515,4298.9395,4320.5757,4512.727,3744.1213,4419.485,4144.3945,4268.546,4117.6064
6040655.546665192,4266.485,4186.121,4105.758,4400.9395,4253.6064,4539.515,4299.4546,4312.8486,4508.0913,3745.1516,4419.485,4149.5454,4274.2124,4116.5757
6040663.503408432,4267.515,4188.1816,4107.8184,4404.0303,4253.6064,4542.0913,4306.667,4315.425,4514.2734,3748.758,4424.6367,4154.182,4280.394,4118.6367
6040671.865701675,4269.0605,4192.3027,4108.3335,4408.152,4255.152,4542.0913,4307.6973,4322.636,4515.303,3747.2122,4422.576,4149.5454,4277.303,4121.2124
6040678.4682273865,4268.546,4193.8486,4111.9395,4410.2124,4254.121,4539.515,4303.061,4316.4546,4510.152,3740.5154,4417.9395,4149.5454,4267.515,4117.091
6040686.473369598,4267.0,4193.3335,4120.182,4411.2427,4251.031,4539.515,4307.6973,4314.3936,4505.5156,3736.3943,4420.0,4157.273,4266.485,4116.0605
6040709.491491318,4274.7275,4200.031,4125.8486,4415.879,4256.1816,4546.2124,4314.909,4324.697,4509.121,3741.0305,4426.182,4158.303,4275.242,4123.273
6040711.526870728,4282.4546,4207.242,4123.788,4417.9395,4267.0,4557.031,4315.94,4328.8184,4517.364,3749.273,4430.8184,4155.212,4277.303,4128.4243
6040713.452100754,4275.242,4204.152,4121.7275,4412.273,4268.031,4561.152,4318.0005,4321.091,4511.6973,3746.697,4431.3335,4155.212,4272.667,4124.303
6040718.425512314,4267.515,4202.606,4119.667,4408.152,4262.879,4556.515,4318.515,4322.636,4511.1816,3744.6365,4430.8184,4156.758,4277.8184,4123.788
6040726.499795914,4270.6064,4204.6665,4112.9697,4411.2427,4260.303,4554.4546,4317.4854,4337.5757,4527.667,3749.7883,4432.364,4157.788,4284.515,4126.879
6040734.506368637,4270.0913,4197.97,4107.8184,4411.2427,4257.7275,4560.636,4323.667,4341.1816,4532.303,3749.273,4432.879,4158.303,4281.9395,4124.8184
6040742.5055503845,4263.394,4186.121,4106.788,4403.0,4253.6064,4559.6064,4326.7573,4331.909,4526.6367,3748.758,4431.8486,4157.273,4280.9097,4123.273
6040752.094745636,4264.4243,4187.667,4108.8486,4404.0303,4252.0605,4547.7573,4311.8184,4335.0,4529.7275,3754.9397,4434.94,4157.788,4286.0605,4127.909
6040757.482051849,4268.031,4196.9395,4110.394,4408.667,4250.515,4541.061,4301.515,4339.636,4524.0605,3753.394,4435.97,4157.788,4283.485,4127.394
6040766.513109207,4265.97,4193.3335,4107.303,4401.9697,4250.0,4544.152,4309.2427,4321.6064,4506.031,3739.485,4431.8486,4155.727,4278.849,4122.758
6040774.521350861,4265.97,4189.7275,4105.758,4402.4854,4250.515,4543.636,4308.7275,4312.333,4505.0,3734.8484,4431.3335,4154.6973,4279.364,4123.273
6040782.462835312,4270.6064,4200.5454,4114.0,4413.8184,4250.0,4539.0,4297.909,4319.0303,4511.6973,3737.4246,4432.364,4157.788,4275.758,4126.879
6040790.78745842,4272.152,4208.273,4120.182,4413.8184,4248.4546,4537.4546,4296.364,4316.9697,4503.97,3734.3335,4430.303,4158.819,4269.5757,4124.8184
6040805.89389801,4269.0605,4202.606,4115.0303,4406.091,4247.4243,4539.0,4301.0,4308.7275,4492.6367,3728.6667,4424.1216,4155.212,4267.0,4121.7275
6040822.718381882,4267.515,4199.5156,4110.394,4403.0,4247.9395,4542.6064,4308.7275,4307.6973,4491.6064,3726.0913,4417.4243,4152.6367,4264.9395,4121.2124
6040825.429677963,4267.0,4200.5454,4111.9395,4401.4546,4247.4243,4546.7275,4314.909,4313.364,4499.849,3732.273,4420.515,4153.6665,4268.546,4122.2427
6040826.814413071,4267.515,4201.576,4111.9395,4404.546,4248.4546,4545.697,4306.667,4321.6064,4510.152,3741.0305,4431.8486,4157.788,4280.394,4124.303
6040829.435825348,4269.5757,4203.121,4111.4243,4409.182,4252.5757,4542.0913,4301.0,4331.394,4518.3945,3744.6365,4439.061,4159.3335,4287.0913,4124.8184
6040837.14556694,4269.5757,4202.606,4115.546,4408.667,4255.152,4547.2427,4311.303,4336.546,4524.576,3747.2122,4439.061,4160.364,4282.97,4128.9395
6040845.584869385,4272.667,4206.2124,4117.6064,4411.758,4255.152,4557.546,4318.515,4330.879,4526.6367,3750.8186,4442.6665,4165.0005,4284.515,4138.2124
6040852.511405945,4276.273,4209.3027,4116.5757,4415.364,4255.152,4559.6064,4316.4546,4331.394,4522.0,3749.7883,4443.182,4166.0303,4286.5757,4143.364
6040860.534906387,4273.1816,4205.6973,4116.5757,4411.758,4254.636,4555.4854,4314.909,4336.546,4515.8184,3742.576,4433.9097,4159.3335,4276.273,4136.152
6040868.496179581,4267.0,4203.121,4112.9697,4408.667,4252.5757,4557.031,4318.515,4326.7573,4510.152,3734.8484,4423.6064,4153.6665,4265.97,4126.364
6040876.476764679,4268.546,4203.121,4114.0,4411.758,4254.636,4560.636,4322.1216,4321.091,4507.0605,3728.6667,4420.515,4155.212,4265.4546,4124.303
6040884.475946426,4276.273,4205.1816,4120.6973,4416.909,4261.8486,4558.5757,4320.061,4325.7275,4510.152,3731.7576,4425.667,4155.727,4266.485,4123.788
6040892.449378967,4281.4243,4211.879,4124.303,4418.4546,4265.97,4558.5757,4313.879,4316.9697,4508.0913,3736.3943,4429.273,4158.303,4265.4546,4125.3335
6040908.451080322,4284.0,4217.5454,4129.9697,4419.485,4267.515,4561.152,4314.3936,4313.879,4509.121,3743.6062,4436.485,4167.061,4275.242,4134.606
6040909.474134445,4286.0605,4217.5454,4138.2124,4422.061,4269.0605,4560.121,4318.0005,4329.3335,4522.5156,3753.394,4448.8486,4174.273,4288.636,4142.3335
6040915.498495102,4286.5757,4216.0,4132.031,4421.031,4266.485,4566.303,4323.667,4330.879,4519.4243,3751.3335,4444.727,4173.2427,4285.5454,4137.6973
6040923.454999924,4286.0605,4218.0605,4122.758,4419.485,4264.9395,4574.031,4323.667,4325.7275,4513.2427,3747.2122,4437.0005,4171.6973,4280.394,4135.6367
6040932.502508163,4286.5757,4216.0,4129.4546,4420.0,4267.515,4566.303,4317.4854,4335.0,4524.0605,3752.3638,4444.2124,4173.2427,4284.0,4141.303
6040939.5616054535,4284.0,4206.2124,4127.394,4417.9395,4265.97,4557.546,4321.091,4342.7275,4523.5454,3748.758,4442.152,4170.1514,4282.97,4141.303
6040947.575807571,4282.97,4203.121,4119.152,4415.364,4262.364,4562.697,4325.212,4345.303,4517.879,3743.091,4431.8486,4169.636,4281.4243,4141.303
6040955.635070801,4285.5454,4207.242,4121.7275,4414.8486,4258.2427,4564.2427,4324.182,4342.7275,4524.576,3746.697,4434.4243,4170.667,4280.9097,4140.7876
6040963.547945023,4278.3335,4205.1816,4121.2124,4410.2124,4252.5757,4557.546,4325.7275,4333.4546,4519.9395,3739.485,4430.8184,4162.94,4271.636,4128.9395
6040972.1596241,4270.6064,4200.5454,4116.5757,4405.5757,4253.0913,4559.0913,4327.2725,4329.8486,4507.0605,3727.1216,4422.576,4157.273,4263.394,4120.6973
