Tm,F3,FC5,AF3,F7,T7,P7,O1,O2,P8,T8,F8,AF4,FC6,F4
145912.0271205902,4303.061,4276.273,3923.3943,4312.333,4330.3643,4605.9697,4291.7275,4324.182,4544.667,3820.879,4562.182,4277.8184,4358.182,4141.303
145919.09170150757,4303.576,4279.879,3923.3943,4314.909,4331.909,4603.909,4289.667,4324.182,4545.182,3825.0,4560.121,4278.849,4358.6973,4140.7876
145927.11567878723,4314.3936,4284.0,3926.4849,4316.9697,4335.0,4604.9395,4294.8184,4329.3335,4546.7275,3832.2124,4566.303,4282.4546,4361.273,4142.3335
145938.82250785828,4315.94,4284.0,3927.5154,4318.0005,4333.9697,4603.909,4294.303,4329.3335,4546.2124,3825.5154,4568.879,4281.4243,4358.182,4143.879
145946.26092910767,4307.182,4276.788,3918.2427,4315.425,4329.8486,4599.273,4291.7275,4326.7573,4542.0913,3815.2124,4561.152,4279.364,4349.4243,4140.7876
145951.12466812134,4306.1514,4270.6064,3915.1516,4314.3936,4330.3643,4598.758,4294.8184,4326.2427,4540.031,3815.2124,4557.546,4279.364,4349.4243,4138.727
145959.0425491333,4313.364,4275.758,3925.9697,4322.1216,4334.4854,4603.394,4298.4243,4328.8184,4546.2124,3820.364,4565.7886,4281.9395,4357.152,4146.9697
145967.03171730042,4317.4854,4284.515,3932.1514,4329.3335,4338.091,4603.909,4299.4546,4336.0303,4557.546,3826.5457,4574.031,4286.5757,4363.3335,4156.758
145978.15608978271,4317.4854,4285.031,3930.606,4330.3643,4339.121,4601.8486,4299.4546,4339.636,4561.667,3830.667,4574.031,4287.606,4363.848,4154.182
145986.52505874634,4316.9697,4282.97,3930.0908,4328.303,4339.121,4601.3335,4299.4546,4336.546,4557.031,3830.667,4572.4854,4284.515,4361.7876,4148.0005
145990.28730392456,4319.0303,4286.0605,3929.576,4329.8486,4340.1514,4602.879,4297.394,4336.0303,4557.031,3832.2124,4577.121,4283.485,4362.303,4149.5454
145998.01683425903,4317.4854,4285.5454,3930.0908,4331.909,4340.1514,4602.879,4294.303,4338.091,4558.0605,3831.6973,4578.152,4286.0605,4361.7876,4151.091
146006.0203075409,4307.182,4281.4243,3929.0608,4326.2427,4339.636,4601.8486,4292.758,4338.091,4549.303,3823.4548,4567.3335,4281.9395,4353.5454,4144.909
146013.95678520203,4299.9697,4279.364,3918.7576,4317.4854,4338.6064,4600.303,4293.273,4335.0,4541.5757,3815.7275,4556.515,4270.0913,4343.758,4136.6665
146022.0241546631,4303.061,4277.303,3912.061,4317.4854,4333.4546,4601.8486,4295.3335,4331.909,4544.152,3816.2427,4557.031,4264.4243,4344.273,4131.5156
146030.091047287,4305.6367,4272.667,3914.6365,4321.6064,4329.3335,4601.8486,4298.4243,4330.879,4545.697,3817.788,4561.152,4268.031,4346.3335,4131.0005
146038.52367401123,4301.0,4270.0913,3916.1821,4320.061,4328.303,4600.8184,4298.9395,4330.879,4541.061,3817.273,4560.121,4268.546,4345.303,4132.031
146046.08583450317,4303.576,4275.758,3915.1516,4322.1216,4329.3335,4604.9395,4298.4243,4332.425,4541.5757,3818.8184,4559.0913,4266.485,4347.364,4134.606
146053.16305160522,4308.7275,4281.9395,3915.6665,4327.788,4329.3335,4607.0005,4296.364,4331.909,4543.636,3819.3337,4561.667,4269.5757,4346.8486,4133.576
146061.15436553955,4303.061,4281.4243,3916.697,4325.7275,4328.8184,4602.879,4294.303,4332.425,4541.061,3815.7275,4561.667,4270.0913,4345.303,4131.0005
146069.14710998535,4300.485,4280.9097,3916.1821,4325.212,4330.3643,4605.455,4294.303,4337.5757,4546.7275,3822.4246,4562.182,4269.0605,4352.0,4135.6367
146086.09914779663,4305.6367,4282.97,3916.697,4328.303,4328.303,4606.4854,4290.182,4339.636,4560.636,3832.7275,4564.2427,4269.5757,4356.6367,4142.848
146087.04447746277,4305.6367,4281.4243,3916.1821,4325.7275,4321.091,4596.182,4282.4546,4333.4546,4561.667,3825.0,4561.152,4269.0605,4349.9395,4138.2124
146093.06359291077,4299.4546,4280.394,3915.1516,4326.7573,4320.5757,4592.576,4287.606,4329.8486,4549.818,3816.2427,4557.546,4268.546,4344.273,4132.031
146101.0344028473,4299.4546,4277.8184,3914.6365,4329.3335,4324.697,4599.788,4298.4243,4330.879,4544.152,3818.8184,4556.0,4268.546,4343.2427,4134.0913
146109.11536216736,4299.4546,4270.6064,3911.5454,4324.182,4321.6064,4603.394,4299.9697,4329.8486,4543.1216,3814.6973,4549.303,4264.9395,4339.636,4129.9697
146117.56873130798,4296.879,4270.0913,3908.4548,4321.6064,4321.6064,4603.909,4302.546,4332.425,4538.485,3805.9395,4541.061,4261.8486,4336.0303,4121.7275
146124.10616874695,4297.909,4280.394,3911.5454,4329.8486,4329.8486,4607.5156,4311.303,4340.667,4539.0,3811.091,4546.2124,4266.485,4338.6064,4127.394
146132.0879459381,4302.0303,4285.031,3915.1516,4333.9697,4328.303,4608.0303,4312.333,4346.3335,4544.152,3818.3035,4556.0,4269.0605,4343.2427,4140.7876
146140.0773525238,4306.1514,4280.394,3913.606,4330.3643,4323.667,4603.394,4305.6367,4346.3335,4545.697,3816.7578,4557.546,4268.546,4343.758,4141.303
146148.11253547668,4311.8184,4281.9395,3917.727,4331.909,4327.788,4603.394,4301.0,4346.3335,4544.152,3817.273,4558.5757,4276.788,4347.364,4138.727
146156.0504436493,4315.94,4287.606,3929.576,4337.0605,4330.879,4605.455,4299.9697,4348.394,4545.697,3820.879,4562.697,4284.515,4354.0605,4147.485
146164.08967971802,4318.515,4285.031,3932.1514,4337.5757,4328.303,4605.455,4304.091,4348.394,4544.152,3822.4246,4561.667,4281.9395,4354.0605,4154.6973
146172.13559150696,4321.091,4284.515,3929.576,4340.1514,4327.788,4604.9395,4310.788,4352.0,4543.636,3822.4246,4564.7573,4283.485,4353.5454,4154.6973
146180.0856590271,4326.2427,4292.2427,3934.2124,4347.364,4329.3335,4605.455,4310.2725,4356.1216,4549.818,3819.3337,4570.9395,4289.667,4356.1216,4154.182
146187.10112571716,4328.303,4293.273,3918.7576,4345.8184,4326.7573,4603.394,4308.7275,4351.485,4552.9097,3816.2427,4566.8184,4286.0605,4351.485,4151.091
146195.09935379028,4324.697,4282.97,3879.091,4338.091,4322.1216,4602.364,4311.8184,4344.788,4545.697,3817.273,4560.636,4279.364,4343.758,4144.909
146203.11737060547,4324.182,4286.5757,3859.0002,4340.1514,4320.061,4605.9697,4314.3936,4343.2427,4544.152,3816.7578,4568.879,4283.485,4345.8184,4149.5454
146211.08675003052,4326.2427,4294.303,3864.1516,4346.8486,4316.4546,4607.0005,4312.8486,4338.6064,4547.7573,3809.5457,4574.031,4290.182,4347.879,4156.2427
146219.10643577576,4323.1514,4288.121,3863.6365,4346.3335,4314.909,4606.4854,4312.8486,4330.3643,4535.909,3801.8184,4563.7275,4286.5757,4342.2124,4150.061
146227.12111473083,4323.1514,4287.606,3857.97,4344.788,4318.515,4607.5156,4313.364,4327.788,4524.0605,3798.7273,4560.121,4284.515,4339.636,4146.9697
146235.10837554932,4328.303,4298.9395,3860.5457,4347.364,4320.061,4607.5156,4312.8486,4332.425,4533.8486,3803.879,4571.4546,4292.758,4344.788,4153.1514
146243.06464195251,4328.303,4299.4546,3862.091,4350.9697,4319.0303,4610.091,4313.364,4337.0605,4545.182,3813.1516,4582.788,4299.4546,4355.0913,4156.758
146251.1019706726,4327.2725,4295.8486,3859.0002,4353.0303,4325.212,4615.758,4314.3936,4340.667,4542.6064,3821.9092,4588.97,4298.9395,4362.303,4155.212
146258.01849365234,4331.909,4302.546,3860.5457,4358.182,4328.8184,4616.2725,4314.909,4345.8184,4540.546,3829.1216,4596.6973,4300.485,4365.394,4157.273
146266.11924171448,4336.546,4308.7275,3865.182,4362.8184,4323.667,4612.667,4315.425,4347.879,4543.1216,3832.7275,4606.4854,4307.6973,4372.606,4165.0005
146274.10864830017,4340.667,4307.182,3868.273,4363.3335,4322.636,4613.182,4315.425,4347.879,4542.0913,3832.7275,4609.061,4312.8486,4379.303,4172.2124
146282.0942401886,4345.8184,4307.6973,3870.8489,4361.7876,4326.2427,4613.182,4316.4546,4352.0,4541.5757,3834.788,4607.5156,4314.3936,4377.2427,4172.7275
146290.01760482788,4346.3335,4310.2725,3869.8186,4362.8184,4321.091,4612.1514,4318.0005,4357.152,4543.1216,3837.879,4608.546,4315.94,4376.727,4173.758
146298.8727092743,4340.667,4307.6973,3868.273,4361.7876,4316.4546,4614.7275,4318.0005,4357.6665,4543.1216,3836.8486,4607.0005,4310.2725,4377.2427,4173.758
146306.0348033905,4331.909,4299.9697,3863.6365,4354.0605,4317.4854,4615.2427,4314.909,4351.485,4540.031,3831.6973,4597.2124,4299.4546,4369.0005,4163.9697
146314.08858299255,4327.788,4298.4243,3854.8792,4347.879,4312.333,4614.7275,4314.3936,4345.303,4537.9697,3823.9697,4585.364,4296.879,4358.6973,4156.2427
146321.09212875366,4325.212,4298.4243,3848.697,4345.303,4303.061,4616.2725,4315.94,4346.8486,4542.0913,3818.8184,4578.667,4297.909,4357.6665,4159.8486
146329.12349700928,4317.4854,4287.606,3845.6062,4341.6973,4294.8184,4618.8486,4311.303,4347.364,4545.182,3817.788,4573.0,4288.121,4354.5757,4154.182
146337.10432052612,4313.364,4281.9395,3838.394,4337.5757,4287.606,4620.394,4305.6367,4346.3335,4544.152,3818.3035,4564.7573,4279.879,4348.394,4141.8184
146345.09682655334,4312.8486,4285.031,3830.1519,4333.9697,4279.879,4622.4546,4304.091,4350.9697,4543.1216,3819.8486,4560.121,4282.4546,4347.364,4140.273
146353.11198234558,4313.364,4283.485,3831.1821,4330.3643,4273.1816,4622.9697,4303.061,4356.6367,4542.6064,3819.8486,4561.152,4281.4243,4347.364,4143.364
146361.0987663269,4313.879,4281.9395,3834.273,4331.394,4267.515,4621.94,4304.091,4358.6973,4544.152,3817.788,4561.152,4275.242,4345.303,4141.303
146377.11095809937,4309.758,4281.4243,3827.0605,4329.3335,4259.273,4622.4546,4305.6367,4361.273,4544.667,3818.3035,4556.515,4271.121,4344.788,4137.6973
146379.08697128296,4299.4546,4272.667,3818.3035,4319.0303,4250.515,4622.4546,4302.0303,4360.758,4535.909,3817.788,4557.546,4267.515,4342.2124,4135.1216
146385.08582115173,4297.909,4267.515,3816.2427,4314.3936,4248.4546,4622.4546,4299.9697,4359.727,4526.6367,3808.5154,4554.97,4264.4243,4335.515,4129.4546
146393.0275440216,4307.6973,4269.5757,3818.3035,4317.4854,4248.4546,4622.4546,4301.0,4362.303,4526.6367,3802.8486,4547.7573,4263.9097,4330.3643,4131.5156
146400.0871181488,4313.879,4268.546,3818.8184,4317.4854,4241.7573,4622.4546,4293.788,4362.303,4529.2124,3810.0608,4551.364,4266.485,4335.0,4139.758
146408.17618370056,4314.3936,4270.0913,3819.3337,4315.94,4238.152,4622.4546,4285.031,4364.364,4529.2124,3816.2427,4559.6064,4271.121,4340.667,4140.7876
146416.08929634094,4312.333,4272.152,3819.3337,4315.425,4235.0605,4622.4546,4284.0,4368.485,4528.6973,3810.576,4556.515,4270.6064,4336.0303,4137.6973
146424.0448474884,4311.303,4268.031,3819.3337,4314.909,4229.909,4622.4546,4284.0,4366.4243,4528.6973,3804.3943,4546.7275,4267.0,4329.8486,4138.2124
146432.08932876587,4311.303,4268.546,3819.8486,4315.425,4230.9395,4622.4546,4281.9395,4361.7876,4523.5454,3803.879,4543.1216,4265.4546,4331.909,4136.152
146445.3661441803,4309.2427,4270.6064,3817.273,4313.879,4226.8184,4623.4854,4280.394,4358.6973,4515.303,3802.3337,4542.6064,4265.97,4328.303,4125.8486
146450.350522995,4309.758,4269.5757,3817.273,4315.425,4219.606,4621.425,4280.394,4352.515,4511.1816,3799.7576,4542.6064,4267.0,4325.212,4125.3335
146465.32797813416,4314.909,4276.788,3825.5154,4320.5757,4220.6367,4619.8794,4281.9395,4347.364,4513.758,3802.8486,4545.697,4270.0913,4333.4546,4138.727
146465.56091308594,4318.515,4282.97,3828.0913,4319.546,4223.2124,4620.394,4280.9097,4348.394,4514.2734,3807.485,4546.2124,4269.0605,4336.546,4140.7876
146471.02308273315,4312.8486,4274.2124,3819.3337,4314.909,4221.1514,4617.8184,4277.303,4349.4243,4513.758,3806.4548,4542.6064,4264.4243,4329.8486,4128.4243
146479.0780544281,4306.667,4267.515,3815.2124,4314.909,4216.5156,4614.212,4276.273,4347.364,4518.909,3801.8184,4539.515,4261.3335,4326.2427,4124.303
146487.06769943237,4305.1216,4269.0605,3816.2427,4315.425,4207.758,4614.212,4278.849,4349.9395,4525.091,3801.8184,4541.061,4260.303,4326.2427,4125.8486
146495.77689170837,4310.2725,4268.546,3815.7275,4312.333,4203.121,4612.667,4281.4243,4357.6665,4527.667,3803.879,4543.1216,4261.8486,4328.303,4129.4546
146509.58347320557,4314.909,4267.0,3816.7578,4311.303,4206.727,4608.546,4282.4546,4361.273,4528.182,3803.879,4543.636,4263.394,4329.8486,4134.0913
146511.0034942627,4308.212,4268.031,3819.3337,4313.364,4203.121,4608.546,4280.394,4360.758,4534.364,3802.3337,4541.061,4263.9097,4327.788,4130.485
146519.04940605164,4300.485,4268.546,3817.788,4313.879,4192.3027,4610.091,4281.9395,4362.303,4539.515,3800.7878,4541.5757,4260.818,4326.7573,4124.8184
146526.9877910614,4299.9697,4267.515,3816.7578,4312.8486,4188.1816,4609.061,4281.9395,4364.364,4533.3335,3797.182,4540.546,4256.697,4324.182,4126.879
146533.99562835693,4297.909,4264.9395,3816.7578,4312.8486,4184.0605,4608.0303,4275.242,4360.758,4526.1216,3792.5457,4531.788,4252.5757,4319.0303,4123.273
146542.06252098083,4295.8486,4261.8486,3814.182,4311.8184,4175.8184,4607.0005,4274.2124,4359.727,4527.152,3793.576,4530.2427,4251.031,4321.091,4115.546
146549.9837398529,4298.4243,4263.394,3813.1516,4309.2427,4172.2124,4606.4854,4278.3335,4366.4243,4527.667,3801.303,4539.515,4251.546,4323.667,4115.546
146557.98363685608,4299.9697,4267.515,3815.7275,4309.758,4173.2427,4606.4854,4277.8184,4372.606,4526.6367,3803.879,4544.667,4252.0605,4324.182,4119.667
146566.04099273682,4298.4243,4268.546,3819.3337,4314.3936,4172.2124,4608.0303,4278.849,4370.0303,4526.6367,3801.8184,4541.061,4253.6064,4327.2725,4122.758
146574.0568637848,4298.4243,4267.0,3817.788,4314.909,4170.667,4608.546,4278.849,4367.4546,4527.667,3801.8184,4533.3335,4254.121,4324.182,4121.7275
146582.11135864258,4296.364,4264.9395,3813.1516,4310.788,4171.182,4608.0303,4270.6064,4368.485,4536.4243,3801.8184,4528.182,4249.4854,4318.515,4115.546
146590.07000923157,4294.303,4265.4546,3813.1516,4308.7275,4170.667,4610.091,4264.4243,4368.485,4545.697,3800.7878,4528.6973,4247.4243,4323.667,4113.485
146598.82020950317,4296.879,4267.515,3817.273,4311.8184,4170.667,4611.6367,4266.485,4367.9697,4542.6064,3799.7576,4529.2124,4251.031,4326.2427,4115.546
146605.18884658813,4297.394,4267.515,3814.182,4311.8184,4168.606,4609.576,4267.515,4366.4243,4540.031,3799.7576,4525.091,4252.0605,4318.0005,4113.485
146613.05856704712,4293.788,4265.4546,3807.485,4307.182,4162.94,4607.5156,4265.4546,4362.303,4541.5757,3799.2424,4524.576,4248.4546,4314.3936,4109.364
146621.09899520874,4292.758,4264.9395,3808.5154,4307.6973,4158.819,4609.061,4264.4243,4359.727,4533.3335,3796.1516,4526.6367,4247.9395,4315.425,4109.364
146629.075050354,4295.8486,4265.4546,3812.6365,4310.2725,4156.758,4608.546,4272.152,4363.848,4526.6367,3796.1516,4525.606,4248.4546,4313.879,4109.879
146637.09592819214,4297.394,4264.4243,3814.182,4309.2427,4156.758,4607.5156,4277.303,4369.0005,4530.2427,3800.7878,4525.091,4248.4546,4316.4546,4110.394
146645.0695991516,4297.909,4265.97,3815.7275,4310.788,4158.819,4612.667,4272.667,4372.606,4529.2124,3804.3943,4526.6367,4250.0,4323.667,4117.6064
146653.1264781952,4298.9395,4268.546,3815.7275,4314.3936,4161.909,4614.7275,4273.697,4375.6973,4529.7275,3803.879,4528.6973,4252.0605,4325.7275,4124.303
146661.09561920166,4304.6064,4269.5757,3818.8184,4314.909,4167.061,4609.576,4278.3335,4375.6973,4540.031,3804.9092,4533.3335,4254.636,4324.182,4123.273
146669.12484169006,4312.8486,4275.758,3828.6064,4316.4546,4170.667,4607.5156,4273.1816,4372.091,4545.182,3806.97,4537.9697,4260.818,4327.2725,4126.879
146676.11050605774,4316.4546,4284.515,3834.273,4319.0303,4170.1514,4610.091,4268.031,4368.485,4542.6064,3805.4246,4538.485,4266.485,4329.3335,4137.6973
146684.11898612976,4316.9697,4286.5757,3832.7275,4316.9697,4169.1216,4609.061,4270.0913,4371.061,4541.5757,3803.364,4539.0,4268.546,4329.3335,4141.303
146692.10743904114,4325.212,4284.515,3839.4243,4317.4854,4169.636,4610.091,4270.6064,4375.182,4543.636,3804.3943,4543.636,4272.667,4330.3643,4139.758
146700.13880729675,4330.879,4285.5454,3849.7273,4322.1216,4169.1216,4615.2427,4269.5757,4377.2427,4543.1216,3808.5154,4546.2124,4276.788,4333.9697,4140.7876
146708.29725265503,4322.1216,4285.5454,3847.6667,4320.5757,4168.606,4615.758,4267.515,4374.6665,4532.303,3810.0608,4543.636,4272.667,4338.091,4140.273
146716.14933013916,4315.425,4285.031,3844.576,4315.94,4164.485,4611.1216,4265.97,4372.091,4524.576,3809.0305,4544.667,4268.031,4338.6064,4138.2124
146724.12490844727,4316.9697,4285.031,3846.1216,4313.879,4159.3335,4614.212,4269.5757,4376.727,4535.909,3811.091,4545.182,4270.0913,4334.4854,4137.6973
146732.12146759033,4315.94,4285.031,3847.1519,4313.364,4157.788,4620.394,4273.697,4384.9697,4546.2124,3817.273,4544.667,4270.6064,4333.4546,4138.2124
146739.09187316895,4316.4546,4285.031,3846.6365,4312.8486,4158.819,4618.8486,4278.3335,4387.5454,4546.2124,3820.879,4552.394,4269.0605,4341.1816,4139.758
146747.0555305481,4320.5757,4285.031,3847.1519,4314.3936,4158.303,4618.3335,4282.4546,4386.515,4555.4854,3820.364,4558.5757,4270.0913,4345.8184,4141.8184
146755.35774230957,4319.546,4285.5454,3846.6365,4315.94,4157.788,4618.8486,4279.364,4386.0005,4564.2427,3821.9092,4550.3335,4270.0913,4340.667,4140.7876
146763.0877494812,4315.94,4286.0605,3846.6365,4315.425,4156.758,4613.182,4271.636,4380.333,4558.0605,3821.3943,4542.0913,4269.5757,4332.9395,4137.6973
146771.03352546692,4316.9697,4284.0,3847.6667,4313.364,4154.182,4607.0005,4269.0605,4371.061,4552.9097,3816.7578,4544.667,4269.0605,4331.394,4134.606
146779.1006565094,4316.9697,4286.0605,3847.1519,4313.879,4154.182,4608.0303,4269.5757,4368.485,4556.0,3815.2124,4544.667,4269.0605,4332.9395,4132.031
146792.05465316772,4314.909,4286.0605,3843.5457,4312.8486,4155.212,4608.0303,4269.5757,4367.9697,4550.8486,3812.6365,4543.1216,4268.031,4331.909,4128.9395
146795.0563430786,4308.212,4274.2124,3836.3335,4304.6064,4150.576,4605.9697,4269.0605,4362.303,4543.1216,3804.9092,4541.061,4260.303,4326.2427,4122.758
146803.1041622162,4299.4546,4266.485,3829.6367,4296.879,4143.879,4607.0005,4269.0605,4355.0913,4543.1216,3800.7878,4531.273,4251.031,4320.5757,4112.9697
146815.13166427612,4295.8486,4268.031,3829.6367,4299.4546,4145.4243,4607.0005,4270.0913,4355.606,4542.6064,3800.7878,4528.6973,4250.515,4320.5757,4111.9395
146818.1014060974,4298.9395,4269.0605,3833.7578,4307.182,4149.5454,4607.0005,4271.121,4363.848,4544.667,3802.8486,4538.485,4254.636,4326.2427,4120.182
146826.1067867279,4304.091,4275.242,3834.788,4311.8184,4151.606,4607.0005,4269.0605,4370.5454,4556.515,3811.6062,4543.636,4264.4243,4332.425,4126.364
146834.09523963928,4305.6367,4281.4243,3833.7578,4309.758,4153.6665,4607.0005,4269.0605,4371.061,4563.7275,3818.8184,4542.0913,4269.5757,4333.9697,4125.8486
146842.06771850586,4300.485,4273.697,3833.7578,4302.546,4153.6665,4607.0005,4276.788,4373.1216,4560.636,3816.7578,4542.0913,4259.788,4330.879,4124.8184
146850.1000404358,4298.9395,4265.4546,3833.7578,4299.9697,4155.212,4607.0005,4284.515,4377.758,4563.7275,3816.7578,4542.6064,4250.515,4332.425,4124.8184
146858.32715034485,4305.1216,4275.242,3832.7275,4305.6367,4163.9697,4607.0005,4280.394,4375.182,4560.636,3821.3943,4542.6064,4261.8486,4338.091,4126.364
146866.09292030334,4305.6367,4283.485,3836.3335,4311.303,4172.2124,4607.0005,4271.636,4368.485,4545.697,3819.8486,4543.636,4268.546,4338.091,4127.394
146874.0427494049,4302.0303,4275.242,3838.394,4309.758,4163.9697,4607.0005,4269.5757,4363.848,4536.9395,3809.5457,4542.0913,4258.7573,4330.3643,4125.8486
146882.0879459381,4298.9395,4267.515,3838.9092,4302.0303,4167.061,4607.5156,4270.6064,4356.1216,4539.0,3803.364,4539.0,4251.031,4323.667,4122.758
146889.04571533203,4298.4243,4269.0605,3844.576,4299.4546,4220.121,4607.5156,4270.0913,4352.0,4542.0913,3804.3943,4539.0,4252.0605,4323.667,4120.6973
146897.03178405762,4298.9395,4270.6064,3849.2124,4304.6064,4291.7275,4607.5156,4270.6064,4356.1216,4541.5757,3804.9092,4543.1216,4259.788,4328.303,4122.758
146905.10749816895,4299.4546,4270.0913,3847.6667,4308.212,4333.9697,4608.0303,4271.121,4360.2427,4542.6064,3802.3337,4544.152,4265.97,4329.3335,4125.8486
146913.05351257324,4301.515,4277.303,3851.7878,4307.6973,4360.2427,4607.0005,4267.0,4359.2124,4551.364,3802.8486,4540.031,4263.394,4325.212,4124.8184
146921.01097106934,4309.2427,4284.515,3861.0608,4309.758,4392.697,4605.9697,4266.485,4362.8184,4564.2427,3804.9092,4540.546,4262.879,4327.2725,4127.394
146929.06045913696,4314.909,4283.485,3863.6365,4312.8486,4415.879,4605.455,4268.031,4366.4243,4562.697,3804.9092,4539.515,4267.0,4327.788,4132.5454
146937.0837211609,4308.212,4280.394,3863.6365,4306.1514,4429.273,4601.3335,4260.303,4357.6665,4546.2124,3799.2424,4531.788,4261.3335,4319.0303,4128.9395
146945.08504867554,4301.0,4277.8184,3862.6062,4298.4243,4444.2124,4598.2427,4251.546,4347.364,4538.485,3791.0002,4524.576,4249.4854,4311.8184,4120.182
146952.12769508362,4302.546,4279.879,3860.5457,4305.1216,4459.1514,4600.8184,4251.546,4350.4546,4541.5757,3792.0305,4525.091,4251.546,4313.364,4118.1216
146960.09850502014,4307.182,4282.97,3866.7273,4314.3936,4475.6367,4604.4243,4253.6064,4356.1216,4542.0913,3800.2727,4530.758,4260.818,4319.0303,4122.2427
146969.15745735168,4313.364,4286.0605,3879.606,4314.909,4491.6064,4604.4243,4256.1816,4353.5454,4540.546,3802.3337,4539.515,4267.0,4325.212,4132.031
146978.96885871887,4318.0005,4290.182,3885.273,4316.4546,4502.4243,4604.4243,4263.394,4354.0605,4541.061,3807.485,4545.182,4277.303,4331.909,4140.7876
146987.1141910553,4318.0005,4290.6973,3884.7578,4319.0303,4509.121,4607.5156,4269.0605,4359.2124,4547.2427,3813.6667,4547.7573,4286.0605,4333.4546,4142.848
146992.1510219574,4316.9697,4286.0605,3883.7275,4316.4546,4512.2124,4609.061,4269.5757,4361.7876,4556.515,3809.5457,4547.2427,4278.3335,4330.879,4141.303
147000.1003742218,4314.3936,4284.515,3880.1213,4311.303,4518.3945,4607.0005,4271.121,4363.3335,4560.121,3809.0305,4542.6064,4265.97,4329.3335,4137.6973
147008.0509185791,4311.8184,4285.5454,3879.606,4311.8184,4526.1216,4605.455,4270.6064,4362.8184,4559.6064,3817.788,4541.061,4266.485,4330.3643,4134.0913
147015.50364494324,4311.303,4284.0,3880.1213,4313.879,4527.152,4606.4854,4267.515,4362.8184,4559.6064,3817.788,4543.1216,4271.636,4333.4546,4133.576
147028.81169319153,4306.1514,4281.9395,3871.3638,4308.212,4524.576,4603.394,4267.0,4357.6665,4550.3335,3805.9395,4535.909,4264.4243,4327.788,4129.9697
147031.05783462524,4299.9697,4277.8184,3863.1213,4299.9697,4525.606,4597.7275,4267.0,4348.394,4540.546,3796.6667,4526.1216,4252.0605,4315.425,4122.758
147039.18623924255,4299.4546,4272.152,3866.2122,4299.4546,4529.7275,4600.303,4267.0,4345.8184,4542.0913,3792.5457,4525.091,4250.0,4312.8486,4122.2427
147046.96249961853,4299.4546,4273.697,3868.273,4303.061,4536.4243,4603.909,4267.515,4347.364,4545.697,3791.5154,4527.152,4253.0913,4316.4546,4124.303
147055.10354042053,4297.394,4279.364,3864.1516,4307.6973,4544.152,4601.8486,4267.515,4346.3335,4544.667,3793.0608,4526.1216,4251.031,4314.909,4122.2427
147063.0488395691,4299.4546,4282.97,3870.3335,4313.879,4545.182,4601.8486,4267.515,4343.758,4543.1216,3794.6062,4525.606,4255.152,4313.879,4122.2427
147070.98150253296,4303.576,4284.0,3881.1519,4317.4854,4546.2124,4606.4854,4268.546,4346.8486,4546.7275,3799.2424,4528.6973,4265.97,4321.091,4125.3335
147079.00857925415,4301.515,4285.031,3880.6367,4317.4854,4551.364,4605.9697,4268.546,4352.515,4554.97,3804.3943,4530.2427,4267.515,4326.7573,4125.8486
147085.9832763672,4298.4243,4285.031,3879.091,4316.4546,4551.364,4604.4243,4268.031,4355.606,4559.6064,3803.879,4529.2124,4263.9097,4324.182,4124.8184
147094.00010108948,4304.6064,4285.031,3880.1213,4316.4546,4547.2427,4604.9395,4268.546,4354.0605,4556.515,3801.8184,4529.2124,4264.9395,4321.6064,4124.8184
147102.09345817566,4314.3936,4283.485,3880.6367,4320.5757,4545.697,4604.9395,4269.5757,4355.606,4558.0605,3803.879,4530.758,4265.97,4326.2427,4129.4546
147110.1405620575,4315.94,4288.121,3884.2427,4325.7275,4545.182,4604.9395,4271.636,4364.364,4561.152,3810.0608,4535.394,4267.515,4332.425,4137.182
147118.7105178833,4313.879,4295.3335,3888.3638,4326.2427,4539.0,4605.9697,4271.121,4370.5454,4560.636,3815.2124,4541.061,4271.121,4332.425,4141.303
147126.06120109558,4313.364,4291.2124,3884.7578,4325.7275,4531.273,4607.5156,4269.5757,4371.576,4564.2427,3816.7578,4543.636,4271.636,4332.425,4141.303
147134.05227661133,4315.425,4284.515,3881.1519,4325.212,4530.758,4609.576,4268.546,4370.5454,4568.879,3816.2427,4540.031,4269.5757,4332.425,4137.182
147142.04692840576,4312.8486,4286.5757,3883.2124,4321.6064,4529.2124,4610.091,4268.031,4372.091,4564.7573,3816.2427,4533.8486,4267.515,4331.394,4131.5156
147149.09720420837,4306.667,4287.606,3881.667,4316.9697,4526.1216,4609.061,4264.9395,4370.5454,4560.121,3813.6667,4529.7275,4265.4546,4330.879,4125.8486
147157.0587158203,4298.4243,4282.97,3871.8792,4315.94,4525.606,4607.5156,4256.1816,4363.3335,4562.182,3806.4548,4527.152,4259.273,4325.212,4118.6367
147165.12513160706,4288.121,4277.8184,3861.576,4313.364,4519.9395,4604.4243,4249.4854,4358.6973,4562.182,3800.2727,4523.5454,4248.4546,4314.3936,4108.3335
147173.33030700684,4287.0913,4275.758,3862.091,4312.333,4514.788,4602.364,4256.697,4361.273,4559.0913,3800.7878,4520.9697,4246.909,4313.879,4107.303
147181.0920238495,4295.8486,4281.9395,3872.9094,4319.0303,4522.0,4604.9395,4265.97,4362.8184,4562.182,3807.485,4524.576,4257.2124,4323.667,4118.6367
147189.25261497498,4300.485,4291.2124,3879.091,4329.3335,4529.2124,4607.0005,4265.97,4359.727,4568.364,3815.2124,4532.8184,4265.97,4329.3335,4125.3335
147197.14856147766,4304.6064,4297.394,3886.8184,4335.0,4527.152,4607.5156,4264.4243,4363.3335,4573.0,3816.7578,4541.5757,4271.636,4332.425,4129.9697
147205.0621509552,4319.0303,4304.091,3901.2424,4340.1514,4527.667,4608.0303,4269.0605,4369.5156,4575.5757,3816.7578,4547.7573,4282.97,4340.667,4141.303
147213.08636665344,4332.9395,4314.3936,3913.606,4350.4546,4531.273,4610.091,4278.3335,4373.1216,4579.6973,3822.4246,4554.97,4299.4546,4348.909,4154.6973
147220.10850906372,4338.091,4324.182,3921.8486,4358.6973,4531.788,4615.758,4285.031,4377.2427,4586.394,3832.7275,4569.9097,4309.2427,4358.182,4166.5454
147228.04999351501,4341.6973,4324.182,3928.0303,4359.2124,4531.273,4617.303,4283.485,4376.727,4586.9097,3832.2124,4577.121,4311.8184,4363.848,4169.1216
147236.08875274658,4341.1816,4318.0005,3929.0608,4358.6973,4525.606,4610.6064,4280.9097,4371.576,4578.667,3828.0913,4575.5757,4312.333,4360.2427,4163.4546
147244.01950836182,4341.1816,4321.6064,3927.5154,4361.273,4517.364,4609.576,4282.97,4369.0005,4573.515,3830.667,4581.758,4315.425,4360.758,4165.515
147252.0875930786,4346.8486,4330.879,3937.8186,4365.394,4515.303,4612.667,4284.515,4372.091,4580.7275,3835.8184,4592.576,4325.7275,4373.1216,4175.303
147264.06288146973,4353.5454,4331.394,3947.6062,4369.0005,4514.2734,4611.1216,4283.485,4371.061,4588.97,3840.9702,4600.303,4332.425,4380.333,4175.8184
147280.118227005,4355.0913,4328.8184,3947.0913,4369.5156,4512.727,4614.7275,4281.9395,4369.0005,4590.0,3846.6365,4602.879,4332.425,4380.848,4172.7275
147282.0909023285,4347.879,4331.909,3945.5454,4365.9087,4511.6973,4619.3643,4282.97,4371.576,4587.9395,3846.6365,4598.758,4331.394,4379.8184,4174.273
147284.08527374268,4344.788,4331.909,3944.5151,4360.2427,4509.6367,4615.2427,4285.5454,4375.182,4590.515,3843.0308,4592.061,4328.303,4377.758,4174.273
147292.05918312073,4352.0,4332.9395,3944.0002,4361.7876,4509.6367,4616.2725,4286.5757,4377.758,4596.6973,3849.2124,4594.1216,4327.788,4381.8794,4174.788
147300.11916160583,4356.1216,4336.0303,3946.0608,4366.4243,4509.6367,4619.8794,4284.515,4379.303,4597.2124,3853.8484,4593.6064,4325.7275,4387.0303,4176.8486
147307.09505081177,4349.9395,4334.4854,3939.8792,4358.6973,4500.879,4612.667,4281.4243,4375.182,4592.576,3845.0913,4583.8184,4319.546,4376.212,4172.7275
147315.1466846466,4343.2427,4328.303,3927.5154,4345.303,4492.121,4607.5156,4281.9395,4369.5156,4584.3335,3834.788,4574.031,4312.8486,4361.7876,4163.9697
147323.13776016235,4342.2124,4320.5757,3926.4849,4344.273,4499.3335,4610.091,4284.515,4367.9697,4576.0913,3829.6367,4564.2427,4306.667,4360.2427,4158.819
147331.0821056366,4343.2427,4315.425,3925.9697,4344.788,4511.6973,4608.0303,4285.031,4369.0005,4576.0913,3828.6064,4557.031,4299.9697,4358.182,4159.3335
147339.22696113586,4341.6973,4316.4546,3915.6665,4339.121,4514.2734,4609.576,4285.031,4369.5156,4583.303,3830.667,4558.0605,4298.9395,4354.5757,4158.303
147348.22702407837,4336.0303,4318.0005,3911.5454,4335.0,4511.6973,4613.6973,4286.5757,4369.0005,4587.4243,3832.2124,4556.515,4299.9697,4354.0605,4157.273
147355.15451431274,4329.3335,4313.364,3912.061,4332.425,4511.6973,4610.6064,4285.031,4371.576,4586.9097,3827.0605,4546.2124,4291.2124,4348.909,4153.6665
147362.08295822144,4328.8184,4310.2725,3909.4849,4328.8184,4511.1816,4611.6367,4281.9395,4376.212,4587.9395,3823.9697,4541.061,4284.515,4345.303,4143.879
147370.18418312073,4331.394,4313.879,3911.0305,4333.9697,4511.6973,4620.909,4282.4546,4379.303,4587.9395,3829.6367,4546.2124,4292.2427,4350.9697,4143.364
147378.06344032288,4332.9395,4316.9697,3916.697,4339.636,4517.879,4623.4854,4285.031,4380.848,4589.485,3834.273,4547.2427,4300.485,4356.6367,4153.6665
147386.12341880798,4331.909,4316.9697,3916.697,4339.121,4516.8486,4621.425,4286.5757,4381.364,4590.515,3834.788,4543.636,4296.879,4352.515,4152.6367
147394.0589427948,4329.3335,4313.879,3912.576,4336.0303,4511.6973,4620.909,4283.485,4376.727,4580.7275,3830.1519,4540.546,4287.606,4347.364,4141.8184
147401.957988739,4329.8486,4313.364,3912.061,4330.879,4519.9395,4619.3643,4276.788,4374.6665,4574.031,3824.485,4540.546,4282.97,4344.273,4138.2124
147410.06517410278,4330.3643,4314.3936,3913.091,4328.8184,4530.2427,4616.788,4276.273,4380.848,4582.273,3826.5457,4543.1216,4282.97,4347.364,4140.273
147418.00785064697,4329.3335,4311.8184,3911.0305,4332.425,4528.182,4615.758,4279.879,4383.4243,4590.515,3831.6973,4543.636,4288.121,4352.515,4145.94
147425.05431175232,4335.515,4312.333,3916.697,4335.0,4530.2427,4617.303,4281.9395,4389.606,4592.061,3832.7275,4549.818,4297.394,4356.6367,4156.758
147433.08687210083,4345.303,4316.4546,3928.5454,4337.5757,4541.061,4621.94,4282.4546,4398.879,4593.6064,3834.788,4558.0605,4303.576,4362.303,4161.394
147442.03972816467,4342.7275,4315.94,3925.4548,4338.6064,4543.636,4622.9697,4281.9395,4396.3037,4592.576,3835.3032,4552.9097,4301.0,4360.2427,4157.273
147449.0451812744,4337.0605,4310.2725,3912.576,4333.9697,4538.485,4621.425,4280.9097,4391.6665,4588.97,3827.0605,4541.5757,4296.364,4348.909,4154.6973
147457.1042060852,4340.667,4310.788,3913.091,4331.909,4536.9395,4622.9697,4282.4546,4396.8184,4587.9395,3825.0,4541.5757,4295.8486,4346.3335,4153.6665
147465.09504318237,4346.3335,4315.425,3924.4243,4340.667,4542.0913,4624.0005,4286.0605,4402.4854,4591.031,3833.2427,4551.364,4300.485,4357.6665,4155.212
147473.0544090271,4348.394,4316.9697,3931.6365,4343.758,4544.667,4621.94,4283.485,4401.4546,4593.0913,3836.8486,4559.6064,4303.576,4364.364,4159.3335
147489.52913284302,4344.788,4314.3936,3927.0002,4333.4546,4541.061,4621.94,4276.788,4395.273,4590.0,3833.2427,4556.0,4299.4546,4359.2124,4157.788
147496.1268901825,4339.636,4312.8486,3917.2122,4330.3643,4542.0913,4622.4546,4276.788,4391.1514,4585.879,3834.273,4551.364,4298.4243,4357.152,4154.182
147496.2079524994,4340.667,4314.909,3914.6365,4336.546,4541.061,4619.3643,4282.4546,4397.8486,4588.4546,3837.3638,4554.4546,4297.909,4360.2427,4154.182
147504.06336784363,4342.2124,4315.425,3915.6665,4338.6064,4530.2427,4619.3643,4285.031,4404.546,4592.061,3834.788,4550.8486,4290.182,4359.2124,4155.727
147512.26329803467,4339.121,4313.364,3913.091,4336.546,4526.6367,4620.394,4282.97,4401.4546,4591.5454,3833.7578,4543.1216,4288.121,4353.0303,4155.212
147520.3094482422,4337.0605,4312.8486,3911.5454,4333.4546,4524.576,4615.758,4282.97,4401.4546,4593.0913,3835.3032,4544.667,4292.2427,4354.5757,4154.6973
147538.11836242676,4335.515,4311.303,3912.061,4329.8486,4513.758,4610.091,4284.0,4408.152,4593.6064,3834.273,4544.667,4287.606,4357.152,4154.6973
147540.01379013062,4330.879,4304.6064,3912.576,4328.8184,4509.6367,4608.0303,4284.0,4410.2124,4591.031,3832.2124,4540.546,4281.9395,4350.9697,4155.212
147543.98560523987,4330.3643,4299.4546,3911.5454,4328.8184,4509.121,4608.546,4284.515,4407.6367,4589.485,3832.7275,4542.6064,4286.0605,4345.8184,4155.727
147552.0989894867,4331.909,4301.0,3910.5154,4328.8184,4500.879,4610.6064,4284.515,4409.182,4584.849,3830.1519,4543.636,4287.606,4347.364,4154.182
147564.10813331604,4329.8486,4304.091,3909.4849,4331.394,4491.0913,4609.576,4284.0,4408.667,4576.6064,3826.0303,4540.031,4283.485,4345.303,4153.1514
147568.199634552,4330.3643,4307.182,3908.97,4332.9395,4485.9395,4607.0005,4283.485,4404.0303,4573.515,3828.0913,4539.515,4282.97,4342.7275,4152.6367
147576.19786262512,4331.394,4312.8486,3910.0005,4335.515,4481.8184,4612.667,4284.0,4405.5757,4581.2427,3833.7578,4543.1216,4284.515,4350.4546,4155.727
147583.0855369568,4330.3643,4313.879,3912.061,4339.121,4481.303,4616.788,4285.031,4410.2124,4586.9097,3835.8184,4545.697,4284.515,4355.0913,4154.6973
147591.0201072693,4330.879,4311.303,3912.576,4338.6064,4481.303,4610.091,4284.515,4410.7275,4586.9097,3834.788,4544.152,4283.485,4354.0605,4149.5454
147599.0788936615,4330.879,4314.3936,3913.606,4338.6064,4475.1216,4608.0303,4284.515,4409.182,4589.485,3835.8184,4544.667,4284.515,4355.0913,4152.1216
147607.1207523346,4331.394,4311.303,3913.606,4337.0605,4466.8794,4611.1216,4281.9395,4405.5757,4592.061,3834.273,4547.2427,4288.121,4353.5454,4156.758
147615.07868766785,4329.3335,4301.0,3913.091,4331.909,4459.6665,4605.9697,4273.697,4401.4546,4586.394,3828.0913,4542.0913,4286.5757,4346.8486,4148.5156
147623.07262420654,4321.6064,4298.9395,3911.0305,4327.788,4455.5454,4602.879,4269.5757,4401.4546,4574.031,3818.8184,4532.8184,4276.273,4339.636,4140.273
147631.1013698578,4314.909,4301.515,3903.303,4324.697,4450.909,4605.455,4270.0913,4397.8486,4563.7275,3810.0608,4524.576,4268.031,4331.909,4137.6973
147638.1757259369,4315.425,4296.364,3896.6064,4317.4854,4446.273,4598.2427,4268.031,4386.515,4557.031,3802.3337,4513.758,4264.4243,4320.061,4127.394
147646.0645198822,4314.3936,4292.758,3898.667,4314.3936,4445.2427,4590.515,4265.4546,4381.8794,4553.9395,3794.091,4506.031,4256.1816,4312.8486,4120.6973
147654.11734580994,4310.788,4295.3335,3901.7578,4319.546,4445.758,4597.7275,4264.9395,4384.4546,4554.4546,3793.0608,4509.121,4249.4854,4311.8184,4124.303
147662.0979309082,4312.8486,4296.879,3903.8184,4322.1216,4446.273,4606.4854,4264.4243,4384.4546,4554.97,3798.2122,4510.152,4255.667,4313.364,4123.273
147679.10504341125,4315.94,4298.4243,3908.4548,4322.1216,4446.7876,4603.909,4266.485,4383.94,4557.031,3798.7273,4508.0913,4264.4243,4317.4854,4121.2124
147680.05919456482,4315.425,4298.9395,3912.576,4324.182,4447.819,4603.909,4271.121,4388.5757,4559.0913,3801.8184,4517.879,4267.0,4325.7275,4128.9395
147686.15460395813,4314.909,4298.9395,3913.091,4326.2427,4447.819,4610.091,4269.0605,4392.697,4557.546,3812.6365,4526.6367,4268.031,4329.8486,4134.0913
147694.0417289734,4313.879,4298.9395,3913.091,4325.7275,4446.7876,4609.061,4268.031,4394.2427,4561.667,3817.788,4528.182,4267.515,4329.3335,4133.061
147702.04782485962,4314.909,4301.515,3917.2122,4328.303,4448.334,4605.455,4276.273,4400.9395,4571.97,3817.273,4537.4546,4272.152,4337.5757,4137.182
147710.08276939392,4320.5757,4302.0303,3925.4548,4330.879,4444.2124,4606.4854,4282.97,4407.6367,4578.152,3824.485,4545.697,4282.97,4347.879,4144.3945
147717.10562705994,4325.212,4300.485,3929.0608,4328.303,4437.0005,4606.4854,4278.3335,4407.121,4575.5757,3833.2427,4549.303,4289.152,4350.4546,4150.061
147725.05259513855,4330.879,4302.546,3927.0002,4327.788,4440.606,4603.909,4275.758,4403.515,4577.636,3834.788,4554.97,4286.0605,4353.0303,4154.182
147733.12878608704,4338.091,4307.6973,3929.576,4332.425,4446.7876,4605.9697,4281.9395,4404.546,4582.273,3836.8486,4560.636,4288.121,4357.6665,4157.788
147741.01758003235,4339.636,4311.303,3931.1213,4334.4854,4446.273,4609.061,4284.0,4404.546,4582.273,3836.3335,4557.546,4296.364,4358.6973,4160.364
147749.02367591858,4334.4854,4307.6973,3929.576,4331.394,4445.2427,4608.546,4279.364,4395.788,4575.0605,3826.5457,4551.364,4292.758,4349.4243,4157.788
147757.01785087585,4329.3335,4300.485,3925.9697,4328.303,4446.7876,4608.0303,4279.364,4384.4546,4563.7275,3817.788,4542.6064,4280.9097,4336.0303,4146.455
147765.1171684265,4328.303,4299.4546,3918.2427,4329.3335,4446.273,4609.576,4282.4546,4382.394,4556.515,3813.6667,4536.9395,4276.788,4332.9395,4139.758
147773.00691604614,4329.3335,4301.0,3912.576,4329.8486,4446.273,4609.061,4284.515,4386.0005,4558.0605,3810.576,4541.061,4275.242,4337.0605,4142.848
147781.11457824707,4324.697,4299.4546,3912.576,4325.212,4446.7876,4607.0005,4284.515,4387.0303,4558.0605,3811.091,4538.485,4270.0913,4332.9395,4143.364
147789.02864456177,4317.4854,4297.394,3911.5454,4323.1514,4446.273,4607.5156,4284.515,4386.0005,4555.4854,3814.6973,4531.788,4268.031,4328.8184,4138.727
147796.04244232178,4319.546,4298.9395,3911.5454,4327.788,4448.8486,4609.061,4284.0,4386.0005,4556.0,3817.788,4536.9395,4269.5757,4334.4854,4139.2427
147804.03017997742,4327.788,4299.9697,3914.1216,4330.879,4453.485,4608.546,4282.4546,4388.5757,4560.121,3818.8184,4544.667,4270.0913,4341.6973,4142.3335
147811.99669837952,4328.8184,4299.4546,3913.606,4329.8486,4454.5156,4608.0303,4282.97,4394.758,4560.636,3820.879,4546.7275,4271.121,4346.3335,4143.364
147820.13607025146,4327.788,4300.485,3913.091,4330.879,4454.5156,4609.576,4284.515,4400.9395,4561.667,3827.576,4547.2427,4271.636,4346.3335,4143.364
147828.5858631134,4327.788,4306.1514,3914.6365,4331.909,4453.485,4611.1216,4284.0,4401.4546,4565.7886,3831.6973,4546.7275,4270.6064,4342.7275,4141.8184
147836.0378742218,4327.788,4307.6973,3916.1821,4331.909,4452.9697,4611.6367,4285.031,4397.3335,4566.8184,3825.5154,4544.667,4271.121,4343.758,4142.3335
147844.00606155396,4330.3643,4301.515,3916.1821,4331.909,4458.6367,4610.6064,4286.0605,4391.6665,4562.697,3817.273,4544.667,4271.121,4340.1514,4142.848
147851.02939605713,4325.212,4297.394,3912.576,4328.303,4462.7583,4609.061,4282.4546,4386.515,4554.4546,3814.6973,4539.0,4268.546,4331.394,4136.152
147858.99424552917,4316.9697,4297.909,3911.5454,4326.2427,4464.303,4612.667,4282.4546,4384.4546,4545.182,3810.576,4533.8486,4266.485,4328.8184,4132.5454
147867.74706840515,4320.061,4298.4243,3915.1516,4328.303,4470.485,4616.788,4284.0,4383.4243,4535.909,3806.97,4535.394,4268.546,4330.879,4137.182
147880.0094127655,4324.697,4297.394,3915.6665,4329.8486,4477.182,4611.6367,4274.2124,4376.212,4529.7275,3806.4548,4535.394,4270.0913,4329.3335,4139.2427
147882.9848766327,4320.5757,4297.394,3913.606,4329.3335,4477.182,4605.455,4265.4546,4369.5156,4533.3335,3804.9092,4536.9395,4268.546,4328.303,4138.2124
147896.00253105164,4322.1216,4298.9395,3918.7576,4330.879,4478.2124,4607.0005,4269.5757,4374.1514,4542.0913,3807.485,4542.6064,4273.1816,4335.515,4140.273
147900.08974075317,4326.2427,4301.515,3921.8486,4332.425,4480.788,4607.0005,4270.0913,4378.2725,4543.636,3812.6365,4543.636,4279.879,4338.6064,4139.758
147906.97956085205,4319.546,4299.4546,3915.6665,4330.879,4479.758,4603.909,4268.546,4374.6665,4539.515,3808.0002,4534.879,4275.242,4332.425,4137.6973
147915.00306129456,4314.909,4297.394,3910.5154,4328.303,4479.2427,4606.4854,4276.788,4377.2427,4541.061,3800.7878,4526.6367,4267.0,4326.2427,4138.727
147923.19202423096,4323.667,4301.0,3911.5454,4330.879,4481.303,4608.0303,4285.5454,4385.485,4543.636,3806.4548,4528.6973,4267.515,4327.788,4138.2124
