Tm,F3,FC5,AF3,F7,T7,P7,O1,O2,P8,T8,F8,AF4,FC6,F4
1626404.0627479553,4281.4243,4230.4243,4170.667,4418.9697,4235.0605,4529.2124,4376.212,4287.606,4480.788,3738.97,4400.9395,4170.667,4248.4546,4110.394
1626417.000055313,4283.485,4237.1216,4173.758,4431.3335,4252.0605,4538.485,4379.303,4297.909,4489.546,3750.3032,4407.6367,4179.9395,4253.0913,4122.2427
1626420.0358390808,4285.031,4238.667,4175.303,4432.879,4256.697,4541.5757,4382.394,4302.0303,4496.242,3751.8489,4411.758,4179.9395,4255.667,4125.8486
1626427.9716014862,4284.0,4236.6064,4173.758,4429.788,4247.9395,4539.0,4379.8184,4297.394,4490.0605,3746.182,4409.6973,4172.2124,4254.121,4117.091
1626437.0419979095,4284.515,4237.636,4173.758,4433.394,4254.121,4539.0,4378.2725,4296.879,4484.394,3747.7273,4407.6367,4173.758,4253.0913,4110.909
1626444.0972805023,4285.5454,4238.667,4174.788,4431.3335,4254.121,4533.8486,4376.727,4289.667,4482.8486,3742.576,4404.0303,4176.8486,4253.6064,4112.9697
1626455.9626579285,4285.5454,4237.636,4175.8184,4424.1216,4239.182,4525.091,4371.061,4282.4546,4479.2427,3732.273,4404.546,4175.303,4252.5757,4114.515
1626459.0208530426,4286.5757,4237.1216,4175.303,4423.0913,4243.303,4527.152,4374.1514,4284.515,4478.7275,3733.3032,4406.091,4175.8184,4251.031,4113.485
1626467.0538902283,4284.515,4234.5454,4173.758,4423.0913,4255.152,4530.758,4378.2725,4284.515,4479.2427,3733.3032,4398.3643,4174.788,4248.4546,4109.364
1626484.0822219849,4281.9395,4233.515,4171.6973,4422.061,4251.546,4528.6973,4375.182,4283.485,4477.6973,3726.6062,4392.182,4170.1514,4246.909,4105.758
1626484.9889278412,4287.606,4238.152,4173.758,4424.1216,4250.515,4529.2124,4377.758,4284.0,4478.2124,3730.7273,4398.879,4173.758,4250.0,4114.0
1626491.3923740387,4291.7275,4239.182,4175.8184,4422.576,4250.0,4529.7275,4384.4546,4287.606,4478.7275,3736.9094,4403.0,4175.8184,4253.6064,4124.8184
1626501.3492107391,4287.0913,4237.636,4174.273,4421.546,4238.667,4532.303,4384.4546,4293.788,4478.7275,3731.7576,4400.425,4174.273,4251.546,4123.273
1626511.0516548157,4291.2124,4240.2124,4180.4546,4431.3335,4245.364,4541.061,4383.94,4297.909,4481.303,3733.818,4403.515,4179.4243,4252.0605,4120.182
1626519.0243721008,4298.4243,4241.2427,4185.6064,4434.4243,4262.364,4542.0913,4384.9697,4298.9395,4483.364,3744.1213,4407.6367,4180.4546,4256.697,4122.2427
1626523.0910778046,4291.2124,4236.091,4178.394,4424.6367,4257.2124,4531.273,4379.303,4294.8184,4482.3335,3741.0305,4401.4546,4174.788,4254.636,4117.6064
1626530.2124023438,4281.4243,4227.3335,4168.091,4417.9395,4251.031,4526.1216,4377.2427,4285.031,4479.758,3729.697,4395.273,4168.091,4242.273,4106.788
1626537.9917621613,4280.394,4220.121,4165.515,4415.879,4249.4854,4529.2124,4379.303,4281.4243,4475.6367,3723.0005,4395.273,4163.9697,4234.0303,4103.1816
1626553.0622005463,4281.9395,4221.6665,4168.091,4414.8486,4237.1216,4528.6973,4376.212,4282.97,4474.6064,3724.0308,4398.879,4166.0303,4241.7573,4106.788
1626555.8903217316,4283.485,4230.9395,4169.636,4417.9395,4235.5757,4528.182,4377.2427,4284.0,4478.7275,3726.0913,4402.4854,4172.7275,4250.0,4110.909
1626563.153743744,4287.0913,4239.182,4170.667,4421.546,4253.0913,4530.2427,4380.848,4287.0913,4481.8184,3728.1519,4405.0605,4174.788,4251.031,4112.9697
1626569.9713230133,4285.031,4232.485,4172.7275,4419.485,4253.0913,4530.758,4380.848,4288.121,4479.2427,3729.1821,4404.0303,4171.6973,4250.0,4111.4243
1626588.0632400513,4280.394,4221.6665,4169.636,4416.909,4238.667,4529.7275,4379.8184,4287.606,4477.182,3731.2427,4400.9395,4171.182,4244.8486,4109.879
1626590.0254249573,4281.4243,4225.788,4164.485,4415.879,4235.0605,4530.758,4380.333,4290.182,4479.2427,3729.1821,4401.4546,4171.182,4237.636,4107.303
1626593.9719676971,4284.515,4232.485,4167.061,4415.364,4239.697,4529.7275,4377.2427,4289.152,4475.6367,3724.0308,4399.909,4171.6973,4237.636,4106.273
1626606.053829193,4285.5454,4230.9395,4172.2124,4416.394,4234.5454,4527.667,4376.727,4284.515,4467.394,3725.061,4396.3037,4171.6973,4240.7275,4107.303
1626610.2085113525,4285.031,4229.394,4170.1514,4417.9395,4222.6973,4528.182,4378.2725,4284.0,4463.788,3720.9395,4393.727,4170.1514,4237.636,4106.788
1626616.9846057892,4284.0,4225.788,4169.1216,4415.879,4222.1816,4527.152,4375.6973,4284.0,4464.819,3714.7578,4395.273,4170.667,4236.091,4106.788
1626625.0596046448,4282.97,4222.6973,4171.182,4412.788,4233.0,4529.7275,4379.8184,4281.4243,4463.788,3718.3638,4399.394,4171.6973,4241.2427,4106.788
1626638.0836963654,4284.515,4229.394,4170.667,4420.515,4242.788,4536.9395,4384.4546,4283.485,4467.394,3725.576,4397.8486,4171.6973,4242.788,4106.788
1626640.9602165222,4285.5454,4235.5757,4170.667,4430.303,4246.909,4541.061,4382.394,4287.0913,4476.152,3727.6365,4392.697,4170.1514,4238.152,4106.788
1626649.1651535034,4282.97,4233.0,4169.636,4426.6973,4243.303,4541.061,4378.2725,4286.5757,4478.2124,3726.6062,4395.273,4169.1216,4237.1216,4106.788
1626661.0116958618,4282.97,4233.0,4169.636,4425.152,4239.697,4539.0,4379.303,4284.515,4477.6973,3726.6062,4401.9697,4170.1514,4244.8486,4106.788
1626665.2779579163,4285.5454,4230.4243,4172.2124,4433.394,4239.697,4532.303,4380.848,4286.5757,4477.6973,3728.1519,4404.0303,4171.6973,4251.546,4106.788
1626673.0268001556,4285.5454,4223.2124,4170.667,4427.7275,4236.6064,4528.6973,4380.848,4294.303,4479.2427,3730.7273,4397.8486,4171.6973,4245.879,4106.788
1626689.0304088593,4284.0,4222.1816,4168.091,4417.9395,4237.636,4531.273,4381.8794,4296.879,4479.2427,3731.7576,4393.212,4169.636,4240.7275,4106.273
1626690.0780200958,4284.515,4225.788,4172.2124,4427.2124,4237.1216,4530.2427,4379.303,4291.2124,4478.7275,3732.273,4403.515,4170.667,4247.9395,4107.303
1626696.0723400116,4284.0,4225.788,4173.758,4432.879,4224.2427,4527.667,4375.6973,4290.182,4480.273,3734.3335,4415.364,4174.788,4255.152,4107.303
1626704.0202617645,4284.0,4222.1816,4170.667,4421.546,4221.6665,4527.667,4375.6973,4291.7275,4481.303,3734.3335,4410.2124,4174.788,4253.6064,4105.758
1626717.042207718,4287.0913,4221.6665,4171.182,4421.031,4236.091,4530.2427,4379.303,4292.2427,4480.273,3733.818,4407.121,4173.758,4253.6064,4109.364
1626719.9873924255,4289.152,4222.1816,4173.758,4428.2427,4240.2124,4534.364,4381.364,4291.2124,4479.2427,3733.3032,4410.7275,4176.8486,4256.1816,4114.515
1626728.0461788177,4286.0605,4220.121,4172.2124,4424.6367,4236.091,4533.3335,4378.7876,4286.5757,4479.2427,3731.7576,4404.0303,4174.788,4253.0913,4111.4243
1626736.0372543335,4285.031,4219.091,4171.182,4421.546,4236.6064,4528.182,4375.6973,4282.4546,4478.7275,3731.2427,4397.8486,4171.182,4251.546,4106.788
1626744.1396713257,4285.5454,4220.121,4169.1216,4420.515,4229.394,4526.1216,4374.6665,4284.0,4479.2427,3727.1216,4393.727,4171.182,4248.9697,4106.273
1626751.170873642,4284.515,4220.121,4162.4243,4416.909,4222.1816,4526.6367,4375.6973,4287.606,4480.273,3721.9697,4388.061,4168.091,4239.182,4104.7275
1626764.1258239746,4282.4546,4219.606,4157.273,4413.8184,4221.6665,4526.1216,4374.1514,4285.031,4474.6064,3720.9395,4388.5757,4161.394,4233.515,4100.6064
1626767.097711563,4281.9395,4220.121,4156.2427,4412.273,4216.0,4526.1216,4373.1216,4281.9395,4466.8794,3722.485,4392.697,4158.819,4236.091,4095.9697
1626775.0873565674,4281.9395,4220.121,4158.819,4416.394,4221.6665,4529.2124,4377.2427,4282.4546,4463.788,3720.9395,4394.2427,4164.485,4239.182,4095.9697
1626792.076587677,4282.97,4219.606,4159.8486,4418.4546,4237.1216,4530.2427,4380.333,4283.485,4464.303,3717.3335,4397.3335,4165.0005,4237.636,4100.091
1626793.0018901825,4282.4546,4219.606,4159.3335,4418.4546,4239.182,4529.2124,4379.303,4284.515,4468.4243,3718.3638,4399.909,4162.4243,4237.1216,4101.636
1626799.3540763855,4281.9395,4220.121,4165.0005,4424.6367,4234.5454,4533.8486,4380.848,4291.2124,4477.182,3725.576,4399.909,4167.5757,4243.818,4103.1816
1626807.0430755615,4284.515,4220.6367,4172.2124,4430.8184,4238.152,4543.636,4387.5454,4299.4546,4486.97,3734.8484,4407.6367,4173.758,4253.0913,4107.8184
1626822.3633766174,4284.515,4221.6665,4169.1216,4425.152,4243.303,4543.1216,4388.061,4301.0,4496.242,3744.1213,4413.8184,4172.7275,4255.667,4111.4243
1626824.6517181396,4282.97,4219.091,4165.0005,4417.9395,4237.636,4532.8184,4382.909,4299.4546,4496.758,3746.697,4410.7275,4172.7275,4252.5757,4112.9697
1626829.983472824,4284.0,4216.0,4164.485,4418.9697,4222.1816,4525.606,4381.8794,4299.4546,4486.97,3738.97,4406.6064,4175.8184,4252.5757,4113.485
1626839.0219211578,4284.515,4216.0,4165.0005,4422.061,4221.6665,4531.788,4385.485,4298.9395,4480.273,3733.3032,4401.4546,4171.182,4250.515,4111.9395
1626845.9839820862,4284.515,4219.091,4168.606,4422.061,4238.667,4541.061,4391.1514,4298.4243,4483.364,3735.8792,4400.425,4169.636,4251.031,4114.515
1626858.9808940887,4286.0605,4220.121,4166.0303,4417.9395,4239.697,4535.909,4392.697,4301.515,4482.8486,3735.8792,4401.4546,4172.7275,4253.6064,4116.0605
1626861.9327545166,4284.0,4218.0605,4156.2427,4414.8486,4230.9395,4526.6367,4386.515,4297.394,4478.7275,3727.1216,4394.758,4163.9697,4244.8486,4107.8184
1626871.3119029999,4281.4243,4218.576,4154.182,4415.879,4236.6064,4529.2124,4383.4243,4288.121,4477.182,3723.0005,4391.6665,4156.758,4238.152,4099.5757
1626878.0529499054,4281.4243,4222.1816,4158.819,4417.9395,4232.485,4531.788,4384.4546,4289.152,4477.182,3729.1821,4396.3037,4160.364,4240.7275,4099.5757
1626894.094467163,4283.485,4222.1816,4158.819,4419.485,4222.1816,4527.667,4384.4546,4295.8486,4478.2124,3731.7576,4394.2427,4163.9697,4241.7573,4102.1514
1626896.0297107697,4284.515,4219.091,4158.303,4419.485,4229.394,4529.7275,4385.485,4296.364,4479.758,3730.2124,4394.2427,4160.364,4242.788,4100.6064
1626902.1151065826,4280.394,4217.5454,4159.3335,4415.879,4225.788,4532.303,4384.9697,4293.788,4478.7275,3729.697,4398.3643,4157.273,4242.273,4095.4546
1626910.2218151093,4274.7275,4218.0605,4156.2427,4413.8184,4214.9697,4527.152,4381.364,4295.3335,4477.6973,3728.6667,4396.8184,4157.788,4236.091,4093.394
1626918.1118011475,4278.3335,4218.0605,4156.2427,4416.909,4225.788,4527.667,4384.4546,4297.909,4479.2427,3732.7878,4397.3335,4155.727,4239.182,4097.515
1626925.0757694244,4285.5454,4220.121,4163.4546,4421.031,4242.788,4539.0,4390.636,4297.394,4481.8184,3738.4548,4403.0,4159.8486,4253.0913,4102.667
1626934.0963363647,4283.485,4221.6665,4167.5757,4423.0913,4245.364,4543.636,4391.1514,4296.364,4482.3335,3735.8792,4401.9697,4166.5454,4253.6064,4103.697
1626941.1435127258,4280.9097,4222.1816,4167.061,4425.152,4243.818,4535.394,4392.182,4297.909,4482.8486,3736.9094,4401.9697,4170.667,4249.4854,4104.212
1626949.2478370667,4282.97,4220.6367,4163.9697,4424.6367,4239.182,4528.182,4388.5757,4299.4546,4483.364,3747.7273,4407.121,4168.606,4253.0913,4104.7275
1626956.9811820984,4280.9097,4219.606,4159.8486,4420.0,4230.4243,4527.667,4381.8794,4295.8486,4479.758,3748.758,4404.0303,4164.485,4251.031,4100.6064
1626965.2512073517,4280.394,4220.121,4160.364,4421.031,4237.636,4529.2124,4382.394,4295.3335,4482.8486,3741.0305,4401.9697,4167.061,4249.4854,4102.667
1626973.031282425,4281.9395,4220.121,4161.394,4424.6367,4240.2124,4529.7275,4386.515,4297.909,4488.5156,3739.485,4403.0,4171.6973,4252.0605,4107.303
1626982.8567504883,4282.4546,4219.091,4161.909,4425.667,4223.2124,4528.6973,4387.5454,4297.394,4485.4243,3742.0608,4401.9697,4171.182,4252.0605,4104.212
1626995.059967041,4282.97,4219.091,4166.5454,4428.2427,4221.6665,4532.303,4387.0303,4297.909,4480.788,3745.1516,4406.091,4168.606,4251.546,4101.636
1626996.0329532623,4284.0,4221.6665,4171.182,4432.879,4244.8486,4540.031,4389.606,4297.909,4484.909,3748.2424,4411.2427,4169.1216,4253.6064,4107.8184
1627003.9851665497,4284.0,4223.7275,4172.2124,4432.364,4256.1816,4544.667,4394.758,4301.515,4491.0913,3748.2424,4410.2124,4172.7275,4255.152,4112.9697
1627014.811515808,4283.485,4222.6973,4169.636,4424.6367,4251.031,4545.697,4396.8184,4307.182,4495.2124,3746.697,4406.6064,4172.7275,4254.636,4110.909
1627022.0634937286,4284.515,4221.6665,4163.4546,4417.4243,4248.4546,4542.6064,4391.6665,4305.1216,4494.6973,3746.697,4404.546,4163.9697,4253.0913,4107.8184
1627035.1490974426,4284.515,4221.1514,4162.4243,4416.394,4243.818,4532.303,4388.061,4297.909,4488.0,3745.1516,4400.425,4159.3335,4251.546,4106.788
1627036.229610443,4283.485,4221.1514,4168.091,4415.879,4232.485,4525.091,4388.5757,4296.879,4482.8486,3741.0305,4398.3643,4168.091,4252.0605,4105.758
1627043.9548492432,4284.515,4222.1816,4169.636,4414.3335,4229.909,4533.3335,4389.606,4299.9697,4484.909,3740.0002,4406.091,4172.7275,4254.121,4106.788
1627052.0107746124,4285.5454,4222.1816,4165.0005,4414.8486,4242.788,4540.546,4389.091,4295.3335,4483.364,3741.5457,4410.2124,4170.1514,4253.0913,4107.8184
1627060.757637024,4283.485,4220.6367,4162.94,4416.909,4251.031,4531.788,4386.0005,4284.515,4475.1216,3734.3335,4400.9395,4169.1216,4251.546,4103.1816
1627067.6832199097,4282.4546,4220.6367,4166.5454,4415.364,4241.7573,4524.576,4383.4243,4280.394,4471.515,3726.6062,4395.273,4170.667,4251.546,4101.121
1627075.0024318695,4286.5757,4222.6973,4173.758,4414.8486,4237.636,4534.364,4384.4546,4290.182,4478.7275,3733.818,4403.0,4173.758,4253.0913,4107.8184
1627088.083267212,4288.121,4221.6665,4170.667,4412.273,4242.273,4541.061,4383.4243,4299.4546,4482.3335,3741.0305,4405.0605,4173.758,4253.6064,4110.909
1627100.0273227692,4284.515,4219.606,4163.9697,4404.0303,4234.5454,4530.758,4381.364,4297.909,4479.2427,3733.3032,4397.8486,4167.061,4251.546,4106.273
1627122.0917701721,4285.5454,4220.6367,4169.1216,4400.425,4236.6064,4526.1216,4384.4546,4297.394,4480.788,3725.576,4398.879,4167.5757,4253.0913,4108.3335
1627123.048067093,4287.0913,4221.1514,4169.636,4400.9395,4248.9697,4531.788,4387.5454,4299.4546,4482.8486,3735.3638,4404.0303,4171.6973,4254.636,4112.4546
1627124.9952316284,4285.5454,4220.6367,4159.8486,4401.9697,4244.8486,4531.273,4388.5757,4299.4546,4480.273,3744.1213,4405.0605,4170.667,4255.667,4110.394
1627134.1195106506,4285.031,4222.6973,4160.8794,4400.425,4239.182,4528.6973,4388.061,4298.9395,4481.8184,3740.5154,4403.515,4169.636,4258.7573,4108.3335
1627134.8087787628,4286.0605,4221.6665,4167.5757,4396.8184,4247.4243,4529.7275,4385.485,4298.9395,4483.364,3738.97,4403.0,4170.1514,4258.2427,4109.364
1627138.9787197113,4287.0913,4217.5454,4161.394,4396.3037,4248.4546,4529.7275,4384.9697,4297.394,4480.273,3741.0305,4404.546,4172.7275,4254.121,4111.9395
1627146.989583969,4285.5454,4219.091,4155.212,4397.3335,4241.7573,4529.2124,4385.485,4297.909,4478.2124,3735.3638,4403.515,4169.636,4253.6064,4109.879
1627154.1056632996,4281.4243,4220.6367,4160.8794,4393.727,4233.0,4527.152,4385.485,4295.8486,4475.1216,3728.6667,4398.3643,4162.94,4252.0605,4103.697
1627162.000656128,4283.485,4217.5454,4168.091,4389.091,4225.788,4527.152,4386.515,4293.273,4474.0913,3730.7273,4398.879,4164.485,4250.0,4104.7275
1627175.0721931458,4293.273,4222.6973,4172.2124,4393.212,4240.2124,4535.394,4389.606,4296.879,4478.2124,3731.7576,4405.0605,4173.758,4255.152,4115.546
1627177.9835224152,4297.909,4234.5454,4175.303,4401.9697,4256.697,4543.1216,4388.5757,4299.9697,4481.303,3729.1821,4404.546,4175.303,4257.7275,4120.6973
1627205.0836086273,4299.4546,4235.5757,4174.273,4403.515,4255.667,4540.031,4387.0303,4298.9395,4482.3335,3729.697,4398.879,4174.273,4254.121,4121.7275
1627205.96408844,4297.394,4224.758,4171.6973,4397.8486,4252.0605,4531.788,4389.091,4297.394,4483.364,3733.3032,4399.909,4173.758,4253.6064,4120.182
1627207.0412635803,4287.606,4218.576,4169.636,4387.0303,4240.2124,4526.6367,4389.091,4294.8184,4480.273,3732.273,4402.4854,4170.667,4254.636,4111.9395
1627210.969209671,4289.152,4220.6367,4166.5454,4382.394,4230.4243,4533.8486,4388.5757,4291.2124,4477.182,3728.1519,4399.909,4172.7275,4251.031,4108.3335
1627218.1301116943,4301.515,4221.6665,4161.394,4384.9697,4246.394,4540.546,4389.606,4296.879,4478.7275,3724.5457,4399.909,4170.1514,4246.909,4107.8184
1627226.045370102,4303.061,4218.0605,4156.2427,4386.0005,4250.0,4532.8184,4386.0005,4299.9697,4473.576,3721.4546,4399.394,4162.94,4246.394,4102.1514
1627233.6206436157,4297.394,4219.606,4156.758,4385.485,4232.485,4526.1216,4384.4546,4295.3335,4469.9697,3718.3638,4394.2427,4164.485,4252.0605,4104.212
1627246.0505962372,4299.9697,4218.0605,4158.819,4386.0005,4240.2124,4530.2427,4390.636,4318.515,4475.1216,3716.8184,4394.758,4167.061,4251.546,4110.909
1627251.053571701,4298.4243,4207.758,4154.6973,4380.848,4246.394,4530.758,4388.061,4358.6973,4473.576,3717.3335,4391.1514,4158.819,4237.1216,4101.121
1627257.0705413818,4288.121,4208.7876,4149.5454,4374.1514,4230.9395,4526.6367,4380.848,4361.7876,4464.303,3717.3335,4382.909,4151.091,4230.4243,4088.7576
1627265.3012275696,4286.5757,4219.606,4151.606,4378.2725,4238.152,4527.667,4381.364,4332.9395,4464.303,3712.6973,4389.606,4152.1216,4234.5454,4091.3335
1627273.0767726898,4294.8184,4218.0605,4155.727,4384.9697,4257.2124,4529.2124,4382.394,4318.0005,4470.485,3713.7275,4400.425,4159.3335,4230.4243,4102.667
1627282.8433513641,4299.9697,4214.455,4155.727,4383.4243,4251.546,4529.7275,4380.848,4318.0005,4472.0303,3719.394,4399.394,4163.9697,4227.3335,4108.3335
1627289.047241211,4296.364,4223.2124,4157.788,4386.0005,4245.364,4530.758,4385.485,4316.4546,4472.0303,3709.0913,4403.0,4162.4243,4237.636,4100.6064
1627301.1329174042,4286.5757,4218.576,4155.727,4382.394,4242.273,4528.6973,4386.0005,4313.879,4467.909,3693.1213,4404.0303,4154.6973,4236.6064,4092.364
1627306.2107563019,4280.9097,4198.485,4140.273,4361.273,4222.6973,4525.606,4380.333,4312.8486,4463.273,3698.788,4393.212,4146.455,4221.1514,4092.8792
1627314.0902519226,4284.515,4201.0605,4138.727,4357.6665,4216.0,4527.667,4380.848,4313.879,4464.819,3711.667,4393.212,4148.0005,4223.2124,4094.4246
1627320.7001686096,4293.273,4219.606,4155.212,4383.94,4236.6064,4530.758,4382.394,4314.909,4465.8486,3711.667,4401.4546,4156.758,4234.5454,4094.9397
1627337.0261192322,4296.364,4224.758,4160.8794,4403.515,4251.031,4533.3335,4381.364,4313.879,4468.94,3713.2124,4401.9697,4159.8486,4234.0303,4098.0303
1627338.0422592163,4294.8184,4219.606,4155.212,4400.425,4251.546,4539.0,4385.485,4315.425,4475.6367,3720.4243,4402.4854,4159.3335,4237.1216,4100.6064
1627345.9966182709,4292.758,4221.6665,4152.6367,4395.273,4250.0,4542.6064,4387.0303,4316.4546,4480.273,3721.4546,4400.9395,4158.819,4237.1216,4102.667
1627353.0344963074,4294.8184,4223.7275,4153.1514,4394.2427,4241.2427,4537.4546,4384.9697,4315.94,4478.7275,3716.3032,4394.2427,4156.758,4221.1514,4101.636
1627360.4698181152,4299.9697,4222.1816,4156.758,4396.3037,4238.667,4529.7275,4386.0005,4316.9697,4475.1216,3712.6973,4393.212,4159.3335,4221.1514,4102.667
1627368.2026863098,4295.8486,4220.6367,4155.727,4395.273,4238.667,4528.6973,4384.9697,4310.788,4466.8794,3713.2124,4394.2427,4162.4243,4238.667,4104.212
1627376.0378360748,4286.0605,4219.606,4143.364,4382.909,4221.6665,4528.6973,4380.333,4304.091,4461.7275,3713.2124,4389.091,4155.727,4235.0605,4094.4246
1627384.0236663818,4287.0913,4219.091,4140.273,4379.303,4216.0,4528.182,4383.94,4309.758,4469.9697,3711.667,4389.091,4153.6665,4228.364,4090.818
1627390.9952640533,4295.8486,4219.606,4151.606,4390.636,4236.091,4533.3335,4391.6665,4318.0005,4479.2427,3711.1519,4394.2427,4159.8486,4242.273,4104.7275
1627408.0624580383,4297.394,4220.6367,4153.1514,4393.727,4243.818,4540.546,4392.697,4315.94,4477.182,3712.1821,4393.727,4160.8794,4245.879,4107.303
1627409.008026123,4294.303,4221.6665,4148.5156,4386.0005,4233.0,4541.5757,4391.6665,4311.8184,4474.0913,3716.8184,4391.6665,4154.182,4232.485,4096.4854
1627415.2784347534,4294.303,4220.6367,4145.94,4383.94,4233.515,4539.515,4392.182,4313.364,4478.2124,3717.8486,4391.6665,4152.1216,4229.909,4094.9397
1627423.0754375458,4294.303,4219.091,4144.909,4386.0005,4238.667,4535.909,4390.1216,4312.8486,4476.152,3714.2427,4390.1216,4155.212,4234.5454,4098.546
1627433.008670807,4294.303,4220.6367,4149.5454,4388.5757,4237.1216,4530.2427,4387.0303,4312.333,4476.152,3719.394,4393.212,4157.273,4234.5454,4100.091
1627439.0578269958,4297.394,4221.6665,4157.273,4394.758,4234.0303,4529.7275,4387.0303,4319.546,4487.4854,3730.2124,4397.3335,4157.788,4236.091,4107.8184
1627452.1205425262,4299.9697,4224.758,4158.303,4401.9697,4233.0,4530.758,4389.091,4323.667,4490.576,3732.7878,4393.212,4157.788,4239.182,4111.4243
1627455.0776481628,4299.9697,4232.485,4158.303,4401.9697,4238.152,4528.182,4390.636,4319.0303,4479.758,3731.2427,4392.182,4157.788,4236.6064,4104.7275
1627476.0098457336,4298.4243,4236.6064,4159.8486,4397.3335,4236.6064,4529.2124,4390.1216,4313.879,4475.6367,3728.6667,4394.758,4157.273,4234.0303,4100.091
1627476.9587516785,4297.394,4233.0,4157.273,4396.3037,4219.606,4528.6973,4386.0005,4307.182,4476.152,3712.6973,4388.061,4154.6973,4231.9697,4099.5757
1627478.0476093292,4297.909,4230.4243,4156.2427,4401.4546,4219.091,4527.667,4385.485,4305.6367,4475.1216,3707.0303,4386.515,4157.788,4237.636,4103.697
1627486.1936569214,4303.061,4234.0303,4160.8794,4403.0,4241.2427,4535.394,4391.6665,4314.3936,4481.8184,3729.697,4400.425,4170.667,4249.4854,4111.4243
1627499.3515014648,4303.061,4236.091,4160.364,4396.8184,4248.9697,4543.1216,4394.2427,4318.515,4488.5156,3736.9094,4404.546,4173.2427,4253.6064,4112.9697
1627510.0440979004,4300.485,4233.515,4156.758,4394.758,4242.273,4539.0,4393.727,4313.879,4485.4243,3724.5457,4394.2427,4160.8794,4249.4854,4109.879
1627518.1622505188,4303.061,4231.9697,4161.394,4399.909,4240.2124,4532.303,4393.212,4313.879,4483.879,3732.7878,4391.6665,4158.819,4251.031,4112.4546
1627537.254333496,4305.6367,4234.0303,4167.5757,4402.4854,4240.2124,4529.2124,4393.727,4317.4854,4485.4243,3747.7273,4401.4546,4169.636,4252.5757,4115.546
1627549.8270988464,4304.091,4234.5454,4165.0005,4400.9395,4239.697,4529.2124,4394.758,4315.425,4484.394,3739.485,4405.0605,4173.2427,4253.6064,4111.9395
1627550.0962734222,4301.0,4233.0,4159.8486,4398.879,4237.1216,4536.4243,4397.3335,4313.364,4480.273,3730.2124,4394.758,4167.061,4254.121,4111.4243
1627550.2190589905,4300.485,4232.485,4158.303,4399.909,4236.6064,4541.5757,4395.788,4313.879,4477.6973,3730.2124,4384.9697,4160.364,4241.7573,4110.394
1627558.4509372711,4299.9697,4231.9697,4157.788,4398.3643,4239.697,4532.303,4389.606,4311.8184,4478.2124,3726.0913,4385.485,4157.788,4235.5757,4103.1816
1627559.0035915375,4298.4243,4231.4546,4155.727,4392.182,4234.5454,4523.5454,4389.606,4309.2427,4477.6973,3724.0308,4389.606,4160.364,4243.818,4102.1514
1627565.5784606934,4300.485,4234.5454,4156.758,4391.6665,4232.485,4532.8184,4397.3335,4308.7275,4477.6973,3724.0308,4390.636,4163.4546,4253.0913,4109.364
1627573.1167793274,4303.576,4236.091,4162.4243,4400.425,4248.4546,4543.636,4398.879,4309.2427,4479.2427,3724.0308,4391.6665,4164.485,4253.6064,4110.394
1627582.87525177,4302.0303,4235.5757,4170.1514,4404.0303,4256.697,4541.061,4391.6665,4302.0303,4478.7275,3720.4243,4393.212,4163.9697,4240.7275,4107.8184
1627590.6608104706,4296.879,4235.0605,4171.6973,4400.425,4250.515,4536.4243,4390.1216,4290.182,4476.667,3716.8184,4390.636,4159.8486,4237.1216,4109.364
1627598.6495018005,4298.9395,4236.6064,4170.1514,4404.0303,4251.031,4541.061,4394.758,4287.606,4479.2427,3723.0005,4393.212,4160.8794,4250.515,4108.8486
1627605.1034927368,4304.091,4237.1216,4175.303,4409.6973,4258.2427,4542.0913,4394.758,4290.6973,4482.8486,3729.1821,4402.4854,4167.5757,4247.4243,4111.4243
1627612.9863262177,4300.485,4234.5454,4175.303,4403.0,4247.4243,4530.2427,4390.1216,4287.606,4481.8184,3723.5154,4403.515,4165.0005,4227.8486,4114.0
1627621.1354732513,4295.8486,4235.0605,4163.4546,4392.697,4224.2427,4523.5454,4386.515,4282.4546,4480.273,3716.3032,4396.8184,4156.2427,4231.4546,4104.7275
1627628.0710697174,4295.3335,4233.0,4155.212,4393.212,4221.6665,4529.2124,4387.5454,4284.0,4481.8184,3721.9697,4399.909,4154.6973,4250.515,4094.4246
1627636.0919475555,4290.182,4224.758,4156.758,4399.909,4239.697,4532.303,4391.1514,4287.606,4483.364,3731.2427,4403.0,4156.2427,4253.6064,4093.394
1627644.0863609314,4286.0605,4219.606,4156.758,4397.8486,4242.273,4528.182,4389.091,4284.0,4481.303,3727.1216,4393.727,4153.6665,4242.788,4098.0303
1627657.0935249329,4287.0913,4222.1816,4155.212,4393.212,4230.4243,4528.6973,4386.515,4284.0,4478.2124,3719.394,4395.273,4155.212,4239.182,4100.6064
1627660.0589752197,4286.5757,4227.3335,4157.788,4394.758,4230.9395,4531.273,4387.5454,4281.9395,4478.2124,3720.9395,4404.0303,4158.819,4251.546,4101.636
1627673.1050014496,4284.0,4228.879,4157.273,4391.1514,4235.0605,4529.7275,4388.061,4274.2124,4477.6973,3722.485,4398.879,4157.788,4255.667,4101.636
1627676.070690155,4283.485,4227.3335,4155.212,4384.4546,4229.394,4528.182,4386.0005,4269.0605,4476.152,3719.394,4388.5757,4150.061,4238.152,4098.546
1627689.0578269958,4286.5757,4227.8486,4154.6973,4387.0303,4217.0303,4525.606,4382.909,4267.515,4476.152,3716.8184,4388.061,4149.0303,4229.394,4091.8486
1627692.078590393,4292.2427,4234.5454,4156.758,4395.273,4216.0,4529.2124,4384.9697,4272.152,4476.152,3716.3032,4395.273,4155.212,4240.2124,4091.3335
1627700.0436782837,4299.9697,4237.636,4166.0303,4401.4546,4232.485,4537.4546,4390.1216,4280.394,4478.2124,3721.4546,4403.0,4157.788,4248.4546,4102.667
1627707.1001529694,4300.485,4235.0605,4173.2427,4400.425,4236.6064,4535.909,4392.182,4284.0,4482.3335,3726.6062,4405.5757,4162.4243,4248.9697,4109.879
1627715.2893543243,4294.303,4235.0605,4169.636,4395.273,4218.576,4525.091,4387.5454,4279.364,4479.758,3721.4546,4398.3643,4166.0303,4248.4546,4106.788
1627724.0936756134,4292.758,4236.091,4168.606,4399.909,4210.334,4526.1216,4385.485,4277.8184,4478.2124,3719.394,4402.4854,4166.5454,4247.9395,4107.8184
1627738.1083965302,4298.4243,4236.6064,4174.273,4406.6064,4227.3335,4534.879,4388.061,4282.4546,4486.4546,3727.1216,4416.909,4168.091,4251.546,4116.0605
1627739.0394210815,4301.515,4238.152,4173.758,4400.425,4236.091,4531.273,4387.5454,4281.4243,4488.0,3730.2124,4412.788,4169.636,4258.2427,4115.0303
1627747.0092773438,4297.909,4236.6064,4172.2124,4398.3643,4227.3335,4530.758,4384.9697,4281.4243,4480.788,3731.7576,4403.0,4167.061,4257.2124,4108.8486
1627759.0110301971,4297.394,4234.5454,4173.758,4404.0303,4229.394,4540.546,4386.515,4281.4243,4479.758,3734.8484,4407.121,4162.94,4251.546,4109.879
1627763.0126476288,4296.364,4233.0,4168.091,4401.4546,4239.697,4541.5757,4387.0303,4273.1816,4482.3335,3729.1821,4407.121,4157.273,4246.394,4108.3335
1627771.2559700012,4294.8184,4234.5454,4166.0303,4399.394,4235.5757,4537.9697,4384.9697,4265.97,4477.6973,3722.485,4396.8184,4153.6665,4242.788,4104.7275
1627779.1175842285,4297.909,4237.1216,4170.1514,4405.0605,4231.9697,4537.9697,4386.0005,4269.5757,4476.152,3720.9395,4400.425,4156.758,4247.9395,4103.697
1627787.118434906,4294.303,4234.5454,4163.9697,4404.0303,4235.0605,4537.4546,4388.061,4272.667,4477.6973,3718.879,4403.0,4157.273,4250.515,4102.667
1627794.089794159,4284.0,4230.9395,4154.6973,4395.273,4225.788,4534.879,4386.515,4267.515,4477.182,3718.3638,4391.6665,4154.182,4241.2427,4099.5757
1627802.0930290222,4283.485,4232.485,4157.788,4391.6665,4218.0605,4541.5757,4387.5454,4268.546,4478.2124,3722.485,4398.3643,4155.727,4246.909,4099.5757
1627810.3351593018,4288.636,4231.4546,4162.94,4393.212,4224.758,4542.0913,4390.1216,4275.758,4481.8184,3728.1519,4416.909,4157.788,4262.879,4103.697
1627818.2485103607,4286.5757,4227.3335,4157.788,4395.273,4222.1816,4531.273,4387.5454,4273.1816,4480.788,3730.2124,4412.273,4156.758,4258.2427,4103.1816
1627830.1131725311,4284.0,4231.4546,4157.273,4398.879,4213.4243,4528.182,4385.485,4272.152,4480.273,3731.7576,4402.4854,4155.727,4255.152,4102.667
1627839.049577713,4285.5454,4237.636,4169.1216,4407.121,4224.2427,4538.485,4389.606,4280.9097,4485.4243,3733.3032,4410.7275,4159.3335,4267.0,4109.879
1627842.0350551605,4287.0913,4236.6064,4171.6973,4409.182,4239.182,4544.667,4391.1514,4279.364,4486.97,3733.3032,4416.394,4159.3335,4270.0913,4112.4546
1627850.922346115,4286.5757,4234.0303,4160.364,4403.515,4239.697,4536.9395,4387.5454,4268.031,4480.788,3730.7273,4403.0,4155.727,4263.9097,4101.636
1627858.1149578094,4285.5454,4233.515,4158.303,4400.425,4232.485,4531.788,4386.0005,4265.97,4476.667,3726.6062,4398.3643,4158.819,4257.7275,4101.636
1627865.238904953,4285.5454,4235.0605,4163.9697,4401.4546,4226.303,4535.909,4386.0005,4270.6064,4479.2427,3729.697,4409.6973,4162.94,4259.788,4111.4243
1627873.079776764,4284.515,4230.4243,4163.4546,4401.9697,4220.6367,4532.303,4384.9697,4269.0605,4479.758,3729.697,4413.303,4158.819,4263.394,4105.758
1627886.1150741577,4282.4546,4221.1514,4162.4243,4401.4546,4221.1514,4526.6367,4385.485,4268.031,4474.6064,3721.9697,4408.152,4156.2427,4257.7275,4094.9397
1627889.081478119,4283.485,4224.2427,4167.061,4402.4854,4225.273,4534.364,4387.0303,4269.0605,4472.5454,3721.4546,4406.091,4159.3335,4255.667,4098.0303
1627898.2441425323,4282.4546,4235.0605,4168.606,4403.0,4225.273,4542.6064,4385.485,4267.0,4476.667,3731.2427,4409.6973,4156.758,4265.4546,4106.273
1627905.024766922,4284.515,4235.5757,4168.606,4404.546,4228.364,4539.0,4386.0005,4269.0605,4481.8184,3734.3335,4415.364,4158.303,4268.031,4109.364
1627942.106962204,4290.6973,4234.5454,4169.1216,4407.6367,4235.5757,4540.031,4390.1216,4276.788,4484.394,3731.7576,4418.4546,4167.5757,4265.4546,4110.394
1627950.0963687897,4290.182,4236.6064,4171.6973,4409.6973,4235.5757,4542.0913,4390.636,4278.3335,4483.879,3733.3032,4413.303,4168.091,4267.0,4109.879
1627951.0686397552,4283.485,4234.5454,4170.1514,4409.182,4222.6973,4532.303,4386.0005,4269.0605,4479.2427,3728.1519,4403.0,4158.819,4258.7573,4103.1816
1627951.9913196564,4284.0,4231.9697,4159.3335,4405.0605,4212.3945,4524.576,4383.94,4267.515,4476.667,3719.9092,4397.3335,4157.273,4248.9697,4096.4854
1627954.0627002716,4285.031,4233.0,4158.819,4402.4854,4223.2124,4532.8184,4385.485,4273.697,4477.6973,3720.4243,4399.909,4159.8486,4250.515,4096.4854
1627956.0780525208,4282.97,4233.0,4168.091,4409.182,4237.1216,4540.031,4386.0005,4276.788,4479.2427,3726.0913,4407.6367,4162.4243,4258.2427,4102.1514
1627982.6018810272,4288.636,4235.0605,4171.182,4415.879,4236.6064,4534.879,4388.061,4281.4243,4481.303,3732.273,4407.121,4168.091,4264.9395,4109.364
1627984.0648174286,4291.2124,4236.091,4168.091,4405.5757,4226.303,4528.182,4388.5757,4277.8184,4478.2124,3730.7273,4402.4854,4169.1216,4264.9395,4109.364
1627985.0068092346,4289.667,4235.0605,4169.636,4401.4546,4208.273,4528.182,4384.9697,4270.6064,4474.6064,3726.6062,4408.667,4167.5757,4261.8486,4106.273
1627994.075536728,4298.4243,4237.636,4175.303,4416.394,4189.7275,4532.303,4384.4546,4277.303,4478.2124,3734.3335,4418.9697,4172.2124,4267.515,4112.9697
1628006.025314331,4303.576,4238.152,4176.3335,4419.485,4184.576,4533.3335,4388.5757,4285.5454,4482.3335,3743.091,4417.4243,4177.364,4272.152,4119.152
1628007.072210312,4292.758,4234.0303,4172.7275,4407.121,4187.152,4532.303,4387.5454,4279.879,4480.273,3733.818,4404.0303,4174.788,4265.97,4111.4243
1628015.3050422668,4284.0,4233.515,4169.636,4408.152,4182.0,4535.394,4384.9697,4273.697,4476.152,3727.6365,4401.4546,4169.636,4262.879,4106.788
1628016.0067081451,4289.667,4239.697,4172.7275,4413.8184,4175.8184,4543.636,4390.1216,4279.879,4482.3335,3737.9397,4414.3335,4171.6973,4267.515,4111.4243
1628024.093389511,4296.364,4241.7573,4173.2427,4408.667,4172.2124,4541.5757,4395.788,4286.0605,4492.121,3740.0002,4414.3335,4172.7275,4270.0913,4111.4243
1628032.0909023285,4293.788,4236.6064,4169.636,4408.667,4170.667,4529.7275,4392.182,4282.97,4488.5156,3733.818,4400.9395,4169.636,4267.0,4106.788
1628039.1302108765,4292.758,4233.0,4169.1216,4417.4243,4167.5757,4529.2124,4391.1514,4275.242,4479.2427,3735.3638,4398.3643,4169.1216,4259.273,4108.3335
1628047.045469284,4297.394,4236.091,4171.182,4419.485,4170.1514,4539.515,4396.3037,4272.667,4481.303,3739.485,4403.515,4172.7275,4257.7275,4113.485
1628055.076599121,4292.758,4236.6064,4171.182,4411.758,4179.9395,4545.182,4396.3037,4274.7275,4483.879,3735.8792,4401.9697,4171.182,4260.818,4107.8184
1628070.3127384186,4287.606,4232.485,4164.485,4407.121,4180.4546,4535.909,4390.636,4273.697,4479.758,3731.2427,4400.9395,4166.5454,4260.303,4099.5757
1628071.077823639,4296.879,4234.5454,4171.182,4412.788,4175.303,4530.758,4392.182,4276.788,4485.4243,3735.3638,4404.0303,4171.6973,4264.4243,4109.364
1628079.047203064,4304.6064,4241.7573,4186.121,4421.546,4176.8486,4537.9697,4395.788,4280.9097,4492.6367,3745.1516,4409.6973,4177.879,4277.303,4120.182
1628087.150335312,4299.9697,4239.697,4182.0,4419.485,4177.364,4537.4546,4394.758,4274.7275,4486.4546,3744.6365,4409.6973,4172.2124,4272.667,4112.4546
1628096.180677414,4294.303,4231.9697,4169.1216,4411.2427,4171.6973,4529.2124,4391.1514,4266.485,4476.667,3733.818,4403.0,4165.0005,4255.667,4103.697
1628106.023311615,4293.788,4231.9697,4172.2124,4409.182,4169.1216,4528.182,4389.606,4267.0,4475.1216,3729.1821,4401.9697,4168.606,4254.121,4105.758
1628115.8623695374,4294.8184,4235.5757,4175.8184,4411.2427,4174.273,4532.303,4389.606,4272.667,4478.2124,3729.1821,4404.0303,4172.2124,4258.2427,4106.273
1628123.0330467224,4296.364,4235.0605,4171.182,4411.2427,4173.758,4529.7275,4390.1216,4277.303,4478.7275,3730.7273,4401.4546,4170.667,4257.7275,4106.273
1628126.0788440704,4296.364,4234.0303,4171.6973,4410.7275,4160.364,4527.152,4389.606,4274.2124,4478.2124,3734.8484,4400.9395,4171.182,4257.2124,4108.8486
1628134.0973377228,4296.879,4236.6064,4173.758,4414.8486,4155.212,4533.3335,4389.606,4268.546,4478.2124,3735.8792,4406.091,4170.1514,4256.697,4109.879
1628151.1096954346,4297.909,4239.697,4174.273,4416.394,4171.182,4540.546,4390.1216,4272.667,4480.788,3737.4246,4408.667,4170.667,4261.3335,4110.394
1628152.0690917969,4297.394,4237.636,4175.8184,4415.364,4179.9395,4542.0913,4390.636,4280.9097,4484.394,3741.0305,4407.121,4175.8184,4269.5757,4115.546
1628158.0865383148,4297.909,4235.5757,4175.303,4416.909,4172.7275,4538.485,4391.6665,4279.879,4489.546,3741.5457,4406.6064,4177.364,4262.364,4121.2124
1628166.0513877869,4298.4243,4237.636,4174.273,4418.9697,4177.364,4540.031,4392.697,4279.364,4494.6973,3743.6062,4409.182,4174.273,4255.667,4123.788
1628178.0955791473,4294.8184,4237.636,4175.8184,4417.9395,4185.6064,4545.182,4394.2427,4280.394,4493.667,3747.2122,4411.758,4175.303,4264.9395,4118.6367
1628182.238817215,4286.0605,4234.0303,4171.182,4409.6973,4177.879,4541.5757,4393.212,4272.667,4484.909,3739.485,4405.0605,4170.667,4261.3335,4108.3335
1628189.1169548035,4282.97,4230.9395,4162.94,4403.515,4170.667,4533.8486,4388.5757,4267.0,4478.2124,3727.6365,4397.8486,4164.485,4245.364,4103.1816
1628197.038412094,4289.667,4231.9697,4166.0303,4408.667,4170.1514,4535.909,4390.636,4273.697,4481.8184,3728.6667,4407.6367,4169.636,4252.5757,4108.3335
1628205.124616623,4296.364,4234.5454,4172.7275,4411.758,4169.1216,4543.1216,4396.3037,4282.97,4487.4854,3737.4246,4416.909,4175.303,4268.546,4116.5757
1628218.1355953217,4296.364,4233.515,4171.6973,4407.6367,4172.7275,4537.9697,4393.727,4282.4546,4484.394,3742.576,4407.6367,4172.7275,4258.7573,4114.0
1628229.098558426,4295.8486,4231.9697,4170.1514,4405.0605,4169.1216,4525.091,4387.0303,4274.2124,4479.758,3739.485,4397.8486,4172.2124,4246.394,4110.394
1628232.295036316,4298.9395,4234.5454,4172.7275,4407.6367,4157.273,4526.6367,4387.0303,4271.121,4481.303,3732.7878,4400.425,4174.788,4251.546,4118.6367
1628237.1253967285,4299.9697,4237.1216,4174.273,4411.758,4166.0303,4538.485,4392.182,4278.849,4483.364,3735.3638,4401.9697,4173.758,4254.121,4125.3335
1628250.0882148743,4299.9697,4237.1216,4175.303,4417.9395,4189.2124,4543.636,4396.8184,4282.4546,4483.364,3743.6062,4404.0303,4173.758,4252.0605,4117.091
1628253.1080245972,4301.0,4238.667,4176.3335,4419.485,4191.788,4540.546,4398.879,4273.697,4480.788,3737.9397,4407.121,4174.788,4252.5757,4112.4546
1628261.0046863556,4299.9697,4239.697,4176.3335,4419.485,4179.9395,4541.5757,4398.879,4273.1816,4480.788,3729.697,4404.546,4174.273,4253.6064,4118.1216
1628268.0592536926,4301.515,4237.1216,4175.303,4422.061,4177.879,4542.0913,4396.3037,4278.3335,4482.3335,3730.7273,4404.546,4174.788,4255.152,4115.546
1628276.0243415833,4295.8486,4233.0,4171.182,4414.3335,4176.8486,4534.364,4391.1514,4271.636,4478.7275,3728.6667,4401.4546,4171.6973,4252.5757,4108.3335
1628284.1799259186,4285.5454,4229.394,4169.1216,4404.0303,4171.6973,4528.6973,4391.1514,4263.9097,4472.5454,3722.485,4393.212,4169.636,4244.8486,4108.8486
1628292.1125888824,4288.636,4232.485,4169.636,4407.121,4170.1514,4529.7275,4393.212,4267.515,4474.6064,3725.576,4398.3643,4172.7275,4248.4546,4110.394
1628300.0800609589,4294.303,4236.6064,4171.6973,4410.7275,4172.7275,4530.758,4391.1514,4269.5757,4480.273,3731.2427,4407.6367,4174.788,4258.2427,4111.4243
1628308.1679344177,4285.5454,4225.788,4169.1216,4402.4854,4169.636,4526.6367,4383.94,4264.9395,4478.2124,3728.6667,4395.788,4172.2124,4246.909,4112.4546
1628316.0927295685,4280.9097,4218.576,4162.4243,4399.909,4166.0303,4528.182,4384.4546,4266.485,4476.152,3725.061,4387.5454,4170.667,4237.636,4107.8184
1628328.1018733978,4289.152,4228.879,4159.3335,4408.667,4171.6973,4535.909,4391.6665,4270.0913,4480.273,3726.6062,4399.394,4171.6973,4246.909,4101.121
1628332.65376091,4288.636,4228.364,4158.819,4410.7275,4166.5454,4535.394,4391.6665,4268.031,4480.273,3728.1519,4403.0,4168.091,4246.909,4099.5757
1628339.0715122223,4282.4546,4219.606,4158.303,4407.121,4159.3335,4529.2124,4386.515,4267.0,4479.2427,3725.061,4400.425,4168.091,4239.182,4100.6064
1628352.1320819855,4282.4546,4222.1816,4157.788,4404.0303,4170.667,4529.7275,4386.0005,4266.485,4475.6367,3715.788,4401.9697,4168.606,4241.7573,4099.0605
1628356.0721874237,4281.9395,4221.6665,4154.182,4398.879,4176.3335,4530.758,4387.0303,4259.788,4466.364,3707.5457,4393.212,4163.4546,4238.667,4092.364
1628363.0669116974,4281.4243,4218.576,4153.1514,4396.8184,4168.091,4527.152,4383.4243,4258.2427,4465.3335,3715.788,4388.061,4163.4546,4233.0,4089.788
1628371.0660934448,4285.031,4228.879,4159.8486,4401.9697,4171.182,4527.667,4383.94,4268.031,4478.7275,3736.9094,4400.9395,4173.2427,4245.879,4101.121
1628379.1058063507,4286.5757,4238.667,4161.394,4403.0,4175.303,4529.7275,4386.515,4272.152,4483.364,3737.9397,4405.0605,4174.273,4254.121,4109.364
1628387.0944976807,4285.031,4234.5454,4156.2427,4400.9395,4169.1216,4527.667,4383.4243,4267.0,4477.182,3722.485,4395.788,4168.606,4247.4243,4103.1816
1628395.1303958893,4284.0,4234.0303,4163.4546,4409.6973,4169.636,4527.667,4380.848,4265.97,4477.6973,3726.6062,4401.9697,4171.182,4248.9697,4102.667
1628403.1298160553,4285.5454,4236.091,4173.2427,4417.9395,4173.758,4528.6973,4386.0005,4268.031,4481.303,3735.3638,4413.8184,4175.8184,4253.0913,4109.879
1628421.138048172,4285.031,4233.515,4168.606,4411.758,4167.5757,4526.1216,4387.0303,4268.546,4478.7275,3725.576,4406.091,4177.364,4252.5757,4108.3335
1628422.0883846283,4287.0913,4232.485,4162.4243,4408.152,4166.0303,4527.667,4386.515,4269.0605,4480.788,3724.0308,4401.4546,4177.364,4251.031,4105.2427
